  0.7215E-06  0.0000E+00  0.0000E+00  0.0000E+00
  0.1443E-05  0.0000E+00  0.0000E+00  0.0000E+00
  0.2165E-05  0.0000E+00  0.0000E+00  0.0000E+00
  0.2886E-05  0.0000E+00  0.0000E+00  0.0000E+00
  0.3608E-05  0.0000E+00  0.0000E+00  0.0000E+00
  0.4329E-05  0.1889E-05  0.0000E+00  0.0000E+00
  0.5051E-05  0.3776E-05  0.0000E+00  0.0000E+00
  0.5772E-05  0.5660E-05  0.0000E+00  0.0000E+00
  0.6494E-05  0.7540E-05  0.0000E+00  0.0000E+00
  0.7215E-05  0.1129E-04  0.0000E+00  0.0000E+00
  0.7937E-05  0.1502E-04  0.0000E+00  0.0000E+00
  0.8658E-05  0.1874E-04  0.0000E+00  0.0000E+00
  0.9380E-05  0.2242E-04  0.0000E+00  0.0000E+00
  0.1010E-04  0.2607E-04  0.0000E+00  0.0000E+00
  0.1082E-04  0.2969E-04  0.0000E+00  0.0000E+00
  0.1154E-04  0.3326E-04  0.0000E+00  0.0000E+00
  0.1227E-04  0.3680E-04  0.0000E+00  0.0000E+00
  0.1299E-04  0.4029E-04  0.0000E+00  0.0000E+00
  0.1371E-04  0.4373E-04  0.0000E+00  0.0000E+00
  0.1443E-04  0.4713E-04  0.0000E+00  0.0000E+00
  0.1515E-04  0.5048E-04  0.0000E+00  0.0000E+00
  0.1587E-04  0.5378E-04  0.0000E+00  0.0000E+00
  0.1659E-04  0.5704E-04  0.0000E+00  0.0000E+00
  0.1732E-04  0.6024E-04  0.0000E+00  0.0000E+00
  0.1804E-04  0.6340E-04  0.0000E+00  0.0000E+00
  0.1876E-04  0.6652E-04  0.0000E+00  0.0000E+00
  0.1948E-04  0.6959E-04  0.0000E+00  0.0000E+00
  0.2020E-04  0.7262E-04  0.0000E+00  0.0000E+00
  0.2092E-04  0.7561E-04  0.0000E+00  0.0000E+00
  0.2165E-04  0.7856E-04  0.0000E+00  0.0000E+00
  0.2237E-04  0.8147E-04  0.0000E+00  0.0000E+00
  0.2309E-04  0.8435E-04  0.0000E+00  0.0000E+00
  0.2381E-04  0.8719E-04  0.0000E+00  0.0000E+00
  0.2453E-04  0.9000E-04  0.0000E+00  0.0000E+00
  0.2525E-04  0.9279E-04  0.0000E+00  0.0000E+00
  0.2597E-04  0.9554E-04  0.0000E+00  0.0000E+00
  0.2670E-04  0.9827E-04  0.0000E+00  0.0000E+00
  0.2742E-04  0.1010E-03  0.0000E+00  0.0000E+00
  0.2814E-04  0.1037E-03  0.0000E+00  0.0000E+00
  0.2886E-04  0.1063E-03  0.0000E+00  0.0000E+00
  0.2958E-04  0.1090E-03  0.0000E+00  0.0000E+00
  0.3030E-04  0.1116E-03  0.0000E+00  0.0000E+00
  0.3102E-04  0.1142E-03  0.0000E+00  0.0000E+00
  0.3175E-04  0.1168E-03  0.0000E+00  0.0000E+00
  0.3247E-04  0.1194E-03  0.0000E+00  0.0000E+00
  0.3319E-04  0.1220E-03  0.0000E+00  0.0000E+00
  0.3391E-04  0.1245E-03  0.0000E+00  0.0000E+00
  0.3463E-04  0.1271E-03  0.0000E+00  0.0000E+00
  0.3535E-04  0.1296E-03  0.0000E+00  0.0000E+00
  0.3608E-04  0.1322E-03  0.0000E+00  0.0000E+00
  0.3680E-04  0.1347E-03  0.0000E+00  0.0000E+00
  0.3752E-04  0.1372E-03  0.0000E+00  0.0000E+00
  0.3824E-04  0.1398E-03  0.0000E+00  0.0000E+00
  0.3896E-04  0.1423E-03  0.0000E+00  0.0000E+00
  0.3968E-04  0.1448E-03  0.0000E+00  0.0000E+00
  0.4040E-04  0.1473E-03  0.0000E+00  0.0000E+00
  0.4113E-04  0.1498E-03  0.0000E+00  0.0000E+00
  0.4185E-04  0.1522E-03  0.0000E+00  0.0000E+00
  0.4257E-04  0.1547E-03  0.0000E+00  0.0000E+00
  0.4329E-04  0.1571E-03  0.0000E+00  0.0000E+00
  0.4401E-04  0.1596E-03  0.0000E+00  0.0000E+00
  0.4473E-04  0.1620E-03  0.0000E+00  0.0000E+00
  0.4545E-04  0.1644E-03  0.0000E+00  0.0000E+00
  0.4618E-04  0.1668E-03  0.0000E+00  0.0000E+00
  0.4690E-04  0.1692E-03  0.0000E+00  0.0000E+00
  0.4762E-04  0.1715E-03  0.0000E+00  0.0000E+00
  0.4834E-04  0.1739E-03  0.0000E+00  0.0000E+00
  0.4906E-04  0.1762E-03  0.0000E+00  0.0000E+00
  0.4978E-04  0.1785E-03  0.0000E+00  0.0000E+00
  0.5051E-04  0.1808E-03  0.0000E+00  0.0000E+00
  0.5123E-04  0.1831E-03  0.0000E+00  0.0000E+00
  0.5195E-04  0.1853E-03  0.0000E+00  0.0000E+00
  0.5267E-04  0.1875E-03  0.0000E+00  0.0000E+00
  0.5339E-04  0.1897E-03  0.0000E+00  0.0000E+00
  0.5411E-04  0.1919E-03  0.0000E+00  0.0000E+00
  0.5483E-04  0.1941E-03  0.0000E+00  0.0000E+00
  0.5556E-04  0.1963E-03  0.0000E+00  0.0000E+00
  0.5628E-04  0.1984E-03  0.0000E+00  0.0000E+00
  0.5700E-04  0.2005E-03  0.0000E+00  0.0000E+00
  0.5772E-04  0.2026E-03  0.0000E+00  0.0000E+00
  0.5844E-04  0.2047E-03  0.0000E+00  0.0000E+00
  0.5916E-04  0.2068E-03  0.0000E+00  0.0000E+00
  0.5988E-04  0.2088E-03  0.0000E+00  0.0000E+00
  0.6061E-04  0.2109E-03  0.0000E+00  0.0000E+00
  0.6133E-04  0.2129E-03  0.0000E+00  0.0000E+00
  0.6205E-04  0.2150E-03  0.0000E+00  0.0000E+00
  0.6277E-04  0.2170E-03  0.0000E+00  0.0000E+00
  0.6349E-04  0.2190E-03  0.0000E+00  0.0000E+00
  0.6421E-04  0.2210E-03  0.0000E+00  0.0000E+00
  0.6494E-04  0.2230E-03  0.0000E+00  0.0000E+00
  0.6566E-04  0.2250E-03  0.0000E+00  0.0000E+00
  0.6638E-04  0.2270E-03  0.0000E+00  0.0000E+00
  0.6710E-04  0.2290E-03  0.0000E+00  0.0000E+00
  0.6782E-04  0.2310E-03  0.0000E+00  0.0000E+00
  0.6854E-04  0.2330E-03  0.0000E+00  0.0000E+00
  0.6926E-04  0.2349E-03  0.0000E+00  0.0000E+00
  0.6999E-04  0.2369E-03  0.0000E+00  0.0000E+00
  0.7071E-04  0.2389E-03  0.0000E+00  0.0000E+00
  0.7143E-04  0.2409E-03  0.0000E+00  0.0000E+00
  0.7215E-04  0.2429E-03  0.0000E+00  0.0000E+00
  0.7287E-04  0.2449E-03  0.0000E+00  0.0000E+00
  0.7359E-04  0.2469E-03  0.0000E+00  0.0000E+00
  0.7431E-04  0.2490E-03  0.0000E+00  0.0000E+00
  0.7504E-04  0.2510E-03  0.0000E+00  0.0000E+00
  0.7576E-04  0.2530E-03  0.0000E+00  0.0000E+00
  0.7648E-04  0.2551E-03  0.0000E+00  0.0000E+00
  0.7720E-04  0.2571E-03  0.0000E+00  0.0000E+00
  0.7792E-04  0.2592E-03  0.0000E+00  0.0000E+00
  0.7864E-04  0.2612E-03  0.0000E+00  0.0000E+00
  0.7937E-04  0.2633E-03  0.0000E+00  0.0000E+00
  0.8009E-04  0.2654E-03  0.0000E+00  0.0000E+00
  0.8081E-04  0.2674E-03  0.0000E+00  0.0000E+00
  0.8153E-04  0.2695E-03  0.0000E+00  0.0000E+00
  0.8225E-04  0.2716E-03  0.0000E+00  0.0000E+00
  0.8297E-04  0.2737E-03  0.0000E+00  0.0000E+00
  0.8369E-04  0.2758E-03  0.0000E+00  0.0000E+00
  0.8442E-04  0.2780E-03  0.0000E+00  0.0000E+00
  0.8514E-04  0.2801E-03  0.0000E+00  0.0000E+00
  0.8586E-04  0.2822E-03  0.0000E+00  0.0000E+00
  0.8658E-04  0.2844E-03  0.0000E+00  0.0000E+00
  0.8730E-04  0.2865E-03  0.0000E+00  0.0000E+00
  0.8802E-04  0.2887E-03  0.0000E+00  0.0000E+00
  0.8874E-04  0.2909E-03  0.0000E+00  0.0000E+00
  0.8947E-04  0.2930E-03  0.0000E+00  0.0000E+00
  0.9019E-04  0.2952E-03  0.0000E+00  0.0000E+00
  0.9091E-04  0.2974E-03  0.0000E+00  0.0000E+00
  0.9163E-04  0.2996E-03  0.0000E+00  0.0000E+00
  0.9235E-04  0.3018E-03  0.0000E+00  0.0000E+00
  0.9307E-04  0.3040E-03  0.0000E+00  0.0000E+00
  0.9380E-04  0.3062E-03  0.0000E+00  0.0000E+00
  0.9452E-04  0.3085E-03  0.0000E+00  0.0000E+00
  0.9524E-04  0.3107E-03  0.0000E+00  0.0000E+00
  0.9596E-04  0.3130E-03  0.0000E+00  0.0000E+00
  0.9668E-04  0.3152E-03  0.0000E+00  0.0000E+00
  0.9740E-04  0.3175E-03  0.0000E+00  0.0000E+00
  0.9812E-04  0.3198E-03  0.0000E+00  0.0000E+00
  0.9885E-04  0.3221E-03  0.0000E+00  0.0000E+00
  0.9957E-04  0.3245E-03  0.0000E+00  0.0000E+00
  0.1003E-03  0.3268E-03  0.0000E+00  0.0000E+00
  0.1010E-03  0.3292E-03  0.0000E+00  0.0000E+00
  0.1017E-03  0.3316E-03  0.0000E+00  0.0000E+00
  0.1025E-03  0.3340E-03  0.0000E+00  0.0000E+00
  0.1032E-03  0.3364E-03  0.0000E+00  0.0000E+00
  0.1039E-03  0.3389E-03  0.0000E+00  0.0000E+00
  0.1046E-03  0.3414E-03  0.0000E+00  0.0000E+00
  0.1053E-03  0.3439E-03  0.0000E+00  0.0000E+00
  0.1061E-03  0.3464E-03  0.0000E+00  0.0000E+00
  0.1068E-03  0.3490E-03  0.0000E+00  0.0000E+00
  0.1075E-03  0.3515E-03  0.0000E+00  0.0000E+00
  0.1082E-03  0.3541E-03  0.0000E+00  0.0000E+00
  0.1089E-03  0.3568E-03  0.0000E+00  0.0000E+00
  0.1097E-03  0.3594E-03  0.0000E+00  0.0000E+00
  0.1104E-03  0.3621E-03  0.0000E+00  0.0000E+00
  0.1111E-03  0.3648E-03  0.0000E+00  0.0000E+00
  0.1118E-03  0.3676E-03  0.0000E+00  0.0000E+00
  0.1126E-03  0.3703E-03  0.0000E+00  0.0000E+00
  0.1133E-03  0.3731E-03  0.0000E+00  0.0000E+00
  0.1140E-03  0.3760E-03  0.0000E+00  0.0000E+00
  0.1147E-03  0.3788E-03  0.0000E+00  0.0000E+00
  0.1154E-03  0.3817E-03  0.0000E+00  0.0000E+00
  0.1162E-03  0.3846E-03  0.0000E+00  0.0000E+00
  0.1169E-03  0.3876E-03  0.0000E+00  0.0000E+00
  0.1176E-03  0.3905E-03  0.0000E+00  0.0000E+00
  0.1183E-03  0.3935E-03  0.0000E+00  0.0000E+00
  0.1190E-03  0.3966E-03  0.0000E+00  0.0000E+00
  0.1198E-03  0.3996E-03  0.0000E+00  0.0000E+00
  0.1205E-03  0.4027E-03  0.0000E+00  0.0000E+00
  0.1212E-03  0.4058E-03  0.0000E+00  0.0000E+00
  0.1219E-03  0.4089E-03  0.0000E+00  0.0000E+00
  0.1227E-03  0.4120E-03  0.0000E+00  0.0000E+00
  0.1234E-03  0.4152E-03  0.0000E+00  0.0000E+00
  0.1241E-03  0.4183E-03  0.0000E+00  0.0000E+00
  0.1248E-03  0.4215E-03  0.0000E+00  0.0000E+00
  0.1255E-03  0.4246E-03  0.0000E+00  0.0000E+00
  0.1263E-03  0.4278E-03  0.0000E+00  0.0000E+00
  0.1270E-03  0.4310E-03  0.0000E+00  0.0000E+00
  0.1277E-03  0.4342E-03  0.0000E+00  0.0000E+00
  0.1284E-03  0.4373E-03  0.0000E+00  0.0000E+00
  0.1291E-03  0.4405E-03  0.0000E+00  0.0000E+00
  0.1299E-03  0.4437E-03  0.0000E+00  0.0000E+00
  0.1306E-03  0.4468E-03  0.0000E+00  0.0000E+00
  0.1313E-03  0.4500E-03  0.0000E+00  0.0000E+00
  0.1320E-03  0.4531E-03  0.0000E+00  0.0000E+00
  0.1328E-03  0.4563E-03  0.0000E+00  0.0000E+00
  0.1335E-03  0.4594E-03  0.0000E+00  0.0000E+00
  0.1342E-03  0.4625E-03  0.0000E+00  0.0000E+00
  0.1349E-03  0.4656E-03  0.0000E+00  0.0000E+00
  0.1356E-03  0.4687E-03  0.0000E+00  0.0000E+00
  0.1364E-03  0.4718E-03  0.0000E+00  0.0000E+00
  0.1371E-03  0.4749E-03  0.0000E+00  0.0000E+00
  0.1378E-03  0.4779E-03  0.0000E+00  0.0000E+00
  0.1385E-03  0.4810E-03  0.0000E+00  0.0000E+00
  0.1392E-03  0.4840E-03  0.0000E+00  0.0000E+00
  0.1400E-03  0.4870E-03  0.0000E+00  0.0000E+00
  0.1407E-03  0.4899E-03  0.0000E+00  0.0000E+00
  0.1414E-03  0.4929E-03  0.0000E+00  0.0000E+00
  0.1421E-03  0.4958E-03  0.0000E+00  0.0000E+00
  0.1429E-03  0.4987E-03  0.0000E+00  0.0000E+00
  0.1436E-03  0.5016E-03  0.0000E+00  0.0000E+00
  0.1443E-03  0.5045E-03  0.0000E+00  0.0000E+00
  0.1450E-03  0.5073E-03  0.0000E+00  0.0000E+00
  0.1457E-03  0.5101E-03  0.0000E+00  0.0000E+00
  0.1465E-03  0.5129E-03  0.0000E+00  0.0000E+00
  0.1472E-03  0.5156E-03  0.0000E+00  0.0000E+00
  0.1479E-03  0.5183E-03  0.0000E+00  0.0000E+00
  0.1486E-03  0.5210E-03  0.0000E+00  0.0000E+00
  0.1494E-03  0.5237E-03  0.0000E+00  0.0000E+00
  0.1501E-03  0.5263E-03  0.0000E+00  0.0000E+00
  0.1508E-03  0.5289E-03  0.0000E+00  0.0000E+00
  0.1515E-03  0.5315E-03  0.0000E+00  0.0000E+00
  0.1522E-03  0.5340E-03  0.0000E+00  0.0000E+00
  0.1530E-03  0.5365E-03  0.0000E+00  0.0000E+00
  0.1537E-03  0.5390E-03  0.0000E+00  0.0000E+00
  0.1544E-03  0.5414E-03  0.0000E+00  0.0000E+00
  0.1551E-03  0.5439E-03  0.0000E+00  0.0000E+00
  0.1558E-03  0.5463E-03  0.0000E+00  0.0000E+00
  0.1566E-03  0.5486E-03  0.0000E+00  0.0000E+00
  0.1573E-03  0.5510E-03  0.0000E+00  0.0000E+00
  0.1580E-03  0.5533E-03  0.0000E+00  0.0000E+00
  0.1587E-03  0.5556E-03  0.0000E+00  0.0000E+00
  0.1595E-03  0.5579E-03  0.0000E+00  0.0000E+00
  0.1602E-03  0.5602E-03  0.0000E+00  0.0000E+00
  0.1609E-03  0.5624E-03  0.0000E+00  0.0000E+00
  0.1616E-03  0.5646E-03  0.0000E+00  0.0000E+00
  0.1623E-03  0.5668E-03  0.0000E+00  0.0000E+00
  0.1631E-03  0.5690E-03  0.0000E+00  0.0000E+00
  0.1638E-03  0.5712E-03  0.0000E+00  0.0000E+00
  0.1645E-03  0.5733E-03  0.0000E+00  0.0000E+00
  0.1652E-03  0.5754E-03  0.0000E+00  0.0000E+00
  0.1659E-03  0.5775E-03  0.0000E+00  0.0000E+00
  0.1667E-03  0.5796E-03  0.0000E+00  0.0000E+00
  0.1674E-03  0.5817E-03  0.0000E+00  0.0000E+00
  0.1681E-03  0.5838E-03  0.0000E+00  0.0000E+00
  0.1688E-03  0.5858E-03  0.0000E+00  0.0000E+00
  0.1696E-03  0.5879E-03  0.0000E+00  0.0000E+00
  0.1703E-03  0.5899E-03  0.0000E+00  0.0000E+00
  0.1710E-03  0.5919E-03  0.0000E+00  0.0000E+00
  0.1717E-03  0.5940E-03  0.0000E+00  0.0000E+00
  0.1724E-03  0.5960E-03  0.0000E+00  0.0000E+00
  0.1732E-03  0.5980E-03  0.0000E+00  0.0000E+00
  0.1739E-03  0.5999E-03  0.0000E+00  0.0000E+00
  0.1746E-03  0.6019E-03  0.0000E+00  0.0000E+00
  0.1753E-03  0.6039E-03  0.0000E+00  0.0000E+00
  0.1760E-03  0.6059E-03  0.0000E+00  0.0000E+00
  0.1768E-03  0.6068E-03  0.0000E+00  0.0000E+00
  0.1775E-03  0.6078E-03  0.0000E+00  0.0000E+00
  0.1782E-03  0.6088E-03  0.0000E+00  0.0000E+00
  0.1789E-03  0.6108E-03  0.0000E+00  0.0000E+00
  0.1797E-03  0.6127E-03  0.0000E+00  0.0000E+00
  0.1804E-03  0.6147E-03  0.0000E+00  0.0000E+00
  0.1811E-03  0.6167E-03  0.0000E+00  0.0000E+00
  0.1818E-03  0.6187E-03  0.0000E+00  0.0000E+00
  0.1825E-03  0.6207E-03  0.0000E+00  0.0000E+00
  0.1833E-03  0.6227E-03  0.0000E+00  0.0000E+00
  0.1840E-03  0.6247E-03  0.0000E+00  0.0000E+00
  0.1847E-03  0.6267E-03  0.0000E+00  0.0000E+00
  0.1854E-03  0.6287E-03  0.0000E+00  0.0000E+00
  0.1861E-03  0.6307E-03  0.0000E+00  0.0000E+00
  0.1869E-03  0.6328E-03  0.0000E+00  0.0000E+00
  0.1876E-03  0.6348E-03  0.0000E+00  0.0000E+00
  0.1883E-03  0.6369E-03  0.0000E+00  0.0000E+00
  0.1890E-03  0.6390E-03  0.0000E+00  0.0000E+00
  0.1898E-03  0.6410E-03  0.0000E+00  0.0000E+00
  0.1905E-03  0.6431E-03  0.0000E+00  0.0000E+00
  0.1912E-03  0.6453E-03  0.0000E+00  0.0000E+00
  0.1919E-03  0.6474E-03  0.0000E+00  0.0000E+00
  0.1926E-03  0.6495E-03  0.0000E+00  0.0000E+00
  0.1934E-03  0.6517E-03  0.0000E+00  0.0000E+00
  0.1941E-03  0.6539E-03  0.0000E+00  0.0000E+00
  0.1948E-03  0.6560E-03  0.0000E+00  0.0000E+00
  0.1955E-03  0.6583E-03  0.0000E+00  0.0000E+00
  0.1962E-03  0.6605E-03  0.0000E+00  0.0000E+00
  0.1970E-03  0.6627E-03  0.0000E+00  0.0000E+00
  0.1977E-03  0.6650E-03  0.0000E+00  0.0000E+00
  0.1984E-03  0.6673E-03  0.0000E+00  0.0000E+00
  0.1991E-03  0.6696E-03  0.0000E+00  0.0000E+00
  0.1999E-03  0.6719E-03  0.0000E+00  0.0000E+00
  0.2006E-03  0.6742E-03  0.0000E+00  0.0000E+00
  0.2013E-03  0.6766E-03  0.0000E+00  0.0000E+00
  0.2020E-03  0.6790E-03  0.0000E+00  0.0000E+00
  0.2027E-03  0.6813E-03  0.0000E+00  0.0000E+00
  0.2035E-03  0.6838E-03  0.0000E+00  0.0000E+00
  0.2042E-03  0.6862E-03  0.0000E+00  0.0000E+00
  0.2049E-03  0.6887E-03  0.0000E+00  0.0000E+00
  0.2056E-03  0.6911E-03  0.0000E+00  0.0000E+00
  0.2063E-03  0.6936E-03  0.0000E+00  0.0000E+00
  0.2071E-03  0.6961E-03  0.0000E+00  0.0000E+00
  0.2078E-03  0.6987E-03  0.0000E+00  0.0000E+00
  0.2085E-03  0.7012E-03  0.0000E+00  0.0000E+00
  0.2092E-03  0.7038E-03  0.0000E+00  0.0000E+00
  0.2100E-03  0.7064E-03  0.0000E+00  0.0000E+00
  0.2107E-03  0.7090E-03  0.0000E+00  0.0000E+00
  0.2114E-03  0.7117E-03  0.0000E+00  0.0000E+00
  0.2121E-03  0.7143E-03  0.0000E+00  0.0000E+00
  0.2128E-03  0.7170E-03  0.0000E+00  0.0000E+00
  0.2136E-03  0.7197E-03  0.0000E+00  0.0000E+00
  0.2143E-03  0.7224E-03  0.0000E+00  0.0000E+00
  0.2150E-03  0.7251E-03  0.0000E+00  0.0000E+00
  0.2157E-03  0.7278E-03  0.0000E+00  0.0000E+00
  0.2165E-03  0.7306E-03  0.0000E+00  0.0000E+00
  0.2172E-03  0.7333E-03  0.0000E+00  0.0000E+00
  0.2179E-03  0.7361E-03  0.0000E+00  0.0000E+00
  0.2186E-03  0.7389E-03  0.0000E+00  0.0000E+00
  0.2193E-03  0.7417E-03  0.0000E+00  0.0000E+00
  0.2201E-03  0.7445E-03  0.0000E+00  0.0000E+00
  0.2208E-03  0.7474E-03  0.0000E+00  0.0000E+00
  0.2215E-03  0.7502E-03  0.0000E+00  0.0000E+00
  0.2222E-03  0.7531E-03  0.0000E+00  0.0000E+00
  0.2229E-03  0.7559E-03  0.0000E+00  0.0000E+00
  0.2237E-03  0.7588E-03  0.0000E+00  0.0000E+00
  0.2244E-03  0.7617E-03  0.0000E+00  0.0000E+00
  0.2251E-03  0.7646E-03  0.0000E+00  0.0000E+00
  0.2258E-03  0.7675E-03  0.0000E+00  0.0000E+00
  0.2266E-03  0.7704E-03  0.0000E+00  0.0000E+00
  0.2273E-03  0.7733E-03  0.0000E+00  0.0000E+00
  0.2280E-03  0.7762E-03  0.0000E+00  0.0000E+00
  0.2287E-03  0.7792E-03  0.0000E+00  0.0000E+00
  0.2294E-03  0.7821E-03  0.0000E+00  0.0000E+00
  0.2302E-03  0.7851E-03  0.0000E+00  0.0000E+00
  0.2309E-03  0.7880E-03  0.0000E+00  0.0000E+00
  0.2316E-03  0.7910E-03  0.0000E+00  0.0000E+00
  0.2323E-03  0.7939E-03  0.0000E+00  0.0000E+00
  0.2330E-03  0.7969E-03  0.0000E+00  0.0000E+00
  0.2338E-03  0.7999E-03  0.0000E+00  0.0000E+00
  0.2345E-03  0.8029E-03  0.0000E+00  0.0000E+00
  0.2352E-03  0.8059E-03  0.0000E+00  0.0000E+00
  0.2359E-03  0.8088E-03  0.0000E+00  0.0000E+00
  0.2367E-03  0.8118E-03  0.0000E+00  0.0000E+00
  0.2374E-03  0.8148E-03  0.0000E+00  0.0000E+00
  0.2381E-03  0.8178E-03  0.0000E+00  0.0000E+00
  0.2388E-03  0.8208E-03  0.0000E+00  0.0000E+00
  0.2395E-03  0.8237E-03  0.0000E+00  0.0000E+00
  0.2403E-03  0.8267E-03  0.0000E+00  0.0000E+00
  0.2410E-03  0.8297E-03  0.0000E+00  0.0000E+00
  0.2417E-03  0.8327E-03  0.0000E+00  0.0000E+00
  0.2424E-03  0.8356E-03  0.0000E+00  0.0000E+00
  0.2431E-03  0.8386E-03  0.0000E+00  0.0000E+00
  0.2439E-03  0.8415E-03  0.0000E+00  0.0000E+00
  0.2446E-03  0.8445E-03  0.0000E+00  0.0000E+00
  0.2453E-03  0.8474E-03  0.0000E+00  0.0000E+00
  0.2460E-03  0.8503E-03  0.0000E+00  0.0000E+00
  0.2468E-03  0.8532E-03  0.0000E+00  0.0000E+00
  0.2475E-03  0.8561E-03  0.0000E+00  0.0000E+00
  0.2482E-03  0.8590E-03  0.0000E+00  0.0000E+00
  0.2489E-03  0.8619E-03  0.0000E+00  0.0000E+00
  0.2496E-03  0.8648E-03  0.0000E+00  0.0000E+00
  0.2504E-03  0.8676E-03  0.0000E+00  0.0000E+00
  0.2511E-03  0.8704E-03  0.0000E+00  0.0000E+00
  0.2518E-03  0.8733E-03  0.0000E+00  0.0000E+00
  0.2525E-03  0.8761E-03  0.0000E+00  0.0000E+00
  0.2532E-03  0.8789E-03  0.0000E+00  0.0000E+00
  0.2540E-03  0.8816E-03  0.0000E+00  0.0000E+00
  0.2547E-03  0.8844E-03  0.0000E+00  0.0000E+00
  0.2554E-03  0.8871E-03  0.0000E+00  0.0000E+00
  0.2561E-03  0.8899E-03  0.0000E+00  0.0000E+00
  0.2569E-03  0.8926E-03  0.0000E+00  0.0000E+00
  0.2576E-03  0.8953E-03  0.0000E+00  0.0000E+00
  0.2583E-03  0.8979E-03  0.0000E+00  0.0000E+00
  0.2590E-03  0.9006E-03  0.0000E+00  0.0000E+00
  0.2597E-03  0.9032E-03  0.0000E+00  0.0000E+00
  0.2605E-03  0.9058E-03  0.0000E+00  0.0000E+00
  0.2612E-03  0.9084E-03  0.0000E+00  0.0000E+00
  0.2619E-03  0.9110E-03  0.0000E+00  0.0000E+00
  0.2626E-03  0.9135E-03  0.0000E+00  0.0000E+00
  0.2633E-03  0.9160E-03  0.0000E+00  0.0000E+00
  0.2641E-03  0.9185E-03  0.0000E+00  0.0000E+00
  0.2648E-03  0.9209E-03  0.0000E+00  0.0000E+00
  0.2655E-03  0.9234E-03  0.0000E+00  0.0000E+00
  0.2662E-03  0.9257E-03  0.0000E+00  0.0000E+00
  0.2670E-03  0.9281E-03  0.0000E+00  0.0000E+00
  0.2677E-03  0.9305E-03  0.0000E+00  0.0000E+00
  0.2684E-03  0.9328E-03  0.0000E+00  0.0000E+00
  0.2691E-03  0.9351E-03  0.0000E+00  0.0000E+00
  0.2698E-03  0.9373E-03  0.0000E+00  0.0000E+00
  0.2706E-03  0.9396E-03  0.0000E+00  0.0000E+00
  0.2713E-03  0.9418E-03  0.0000E+00  0.0000E+00
  0.2720E-03  0.9440E-03  0.0000E+00  0.0000E+00
  0.2727E-03  0.9462E-03  0.0000E+00  0.0000E+00
  0.2734E-03  0.9483E-03  0.0000E+00  0.0000E+00
  0.2742E-03  0.9504E-03  0.0000E+00  0.0000E+00
  0.2749E-03  0.9526E-03  0.0000E+00  0.0000E+00
  0.2756E-03  0.9547E-03  0.0000E+00  0.0000E+00
  0.2763E-03  0.9567E-03  0.0000E+00  0.0000E+00
  0.2771E-03  0.9588E-03  0.0000E+00  0.0000E+00
  0.2778E-03  0.9609E-03  0.0000E+00  0.0000E+00
  0.2785E-03  0.9629E-03  0.0000E+00  0.0000E+00
  0.2792E-03  0.9650E-03  0.0000E+00  0.0000E+00
  0.2799E-03  0.9670E-03  0.0000E+00  0.0000E+00
  0.2807E-03  0.9690E-03  0.0000E+00  0.0000E+00
  0.2814E-03  0.9710E-03  0.0000E+00  0.0000E+00
  0.2821E-03  0.9730E-03  0.0000E+00  0.0000E+00
  0.2828E-03  0.9750E-03  0.0000E+00  0.0000E+00
  0.2835E-03  0.9770E-03  0.0000E+00  0.0000E+00
  0.2843E-03  0.9790E-03  0.0000E+00  0.0000E+00
  0.2850E-03  0.9810E-03  0.0000E+00  0.0000E+00
  0.2857E-03  0.9830E-03  0.0000E+00  0.0000E+00
  0.2864E-03  0.9839E-03  0.0000E+00  0.0000E+00
  0.2872E-03  0.9849E-03  0.0000E+00  0.0000E+00
  0.2879E-03  0.9859E-03  0.0000E+00  0.0000E+00
  0.2886E-03  0.9869E-03  0.0000E+00  0.0000E+00
  0.2893E-03  0.9889E-03  0.0000E+00  0.0000E+00
  0.2900E-03  0.9908E-03  0.0000E+00  0.0000E+00
  0.2908E-03  0.9928E-03  0.0000E+00  0.0000E+00
  0.2915E-03  0.9948E-03  0.0000E+00  0.0000E+00
  0.2922E-03  0.9968E-03  0.0000E+00  0.0000E+00
  0.2929E-03  0.9988E-03  0.0000E+00  0.0000E+00
  0.2937E-03  0.1001E-02  0.0000E+00  0.0000E+00
  0.2944E-03  0.1003E-02  0.0000E+00  0.0000E+00
  0.2951E-03  0.1005E-02  0.0000E+00  0.0000E+00
  0.2958E-03  0.1007E-02  0.0000E+00  0.0000E+00
  0.2965E-03  0.1009E-02  0.0000E+00  0.0000E+00
  0.2973E-03  0.1011E-02  0.0000E+00  0.0000E+00
  0.2980E-03  0.1013E-02  0.0000E+00  0.0000E+00
  0.2987E-03  0.1015E-02  0.0000E+00  0.0000E+00
  0.2994E-03  0.1017E-02  0.0000E+00  0.0000E+00
  0.3001E-03  0.1019E-02  0.0000E+00  0.0000E+00
  0.3009E-03  0.1021E-02  0.0000E+00  0.0000E+00
  0.3016E-03  0.1023E-02  0.0000E+00  0.0000E+00
  0.3023E-03  0.1025E-02  0.0000E+00  0.0000E+00
  0.3030E-03  0.1027E-02  0.0000E+00  0.0000E+00
  0.3038E-03  0.1030E-02  0.0000E+00  0.0000E+00
  0.3045E-03  0.1032E-02  0.0000E+00  0.0000E+00
  0.3052E-03  0.1034E-02  0.0000E+00  0.0000E+00
  0.3059E-03  0.1036E-02  0.0000E+00  0.0000E+00
  0.3066E-03  0.1038E-02  0.0000E+00  0.0000E+00
  0.3074E-03  0.1041E-02  0.0000E+00  0.0000E+00
  0.3081E-03  0.1043E-02  0.0000E+00  0.0000E+00
  0.3088E-03  0.1045E-02  0.0000E+00  0.0000E+00
  0.3095E-03  0.1047E-02  0.0000E+00  0.0000E+00
  0.3102E-03  0.1050E-02  0.0000E+00  0.0000E+00
  0.3110E-03  0.1052E-02  0.0000E+00  0.0000E+00
  0.3117E-03  0.1054E-02  0.0000E+00  0.0000E+00
  0.3124E-03  0.1057E-02  0.0000E+00  0.0000E+00
  0.3131E-03  0.1059E-02  0.0000E+00  0.0000E+00
  0.3139E-03  0.1062E-02  0.0000E+00  0.0000E+00
  0.3146E-03  0.1064E-02  0.0000E+00  0.0000E+00
  0.3153E-03  0.1066E-02  0.0000E+00  0.0000E+00
  0.3160E-03  0.1069E-02  0.0000E+00  0.0000E+00
  0.3167E-03  0.1071E-02  0.0000E+00  0.0000E+00
  0.3175E-03  0.1074E-02  0.0000E+00  0.0000E+00
  0.3182E-03  0.1076E-02  0.0000E+00  0.0000E+00
  0.3189E-03  0.1079E-02  0.0000E+00  0.0000E+00
  0.3196E-03  0.1081E-02  0.0000E+00  0.0000E+00
  0.3203E-03  0.1084E-02  0.0000E+00  0.0000E+00
  0.3211E-03  0.1087E-02  0.0000E+00  0.0000E+00
  0.3218E-03  0.1089E-02  0.0000E+00  0.0000E+00
  0.3225E-03  0.1092E-02  0.0000E+00  0.0000E+00
  0.3232E-03  0.1094E-02  0.0000E+00  0.0000E+00
  0.3240E-03  0.1097E-02  0.0000E+00  0.0000E+00
  0.3247E-03  0.1100E-02  0.0000E+00  0.0000E+00
  0.3254E-03  0.1102E-02  0.0000E+00  0.0000E+00
  0.3261E-03  0.1105E-02  0.0000E+00  0.0000E+00
  0.3268E-03  0.1108E-02  0.0000E+00  0.0000E+00
  0.3276E-03  0.1110E-02  0.0000E+00  0.0000E+00
  0.3283E-03  0.1113E-02  0.0000E+00  0.0000E+00
  0.3290E-03  0.1116E-02  0.0000E+00  0.0000E+00
  0.3297E-03  0.1119E-02  0.0000E+00  0.0000E+00
  0.3304E-03  0.1121E-02  0.0000E+00  0.0000E+00
  0.3312E-03  0.1124E-02  0.0000E+00  0.0000E+00
  0.3319E-03  0.1127E-02  0.0000E+00  0.0000E+00
  0.3326E-03  0.1130E-02  0.0000E+00  0.0000E+00
  0.3333E-03  0.1132E-02  0.0000E+00  0.0000E+00
  0.3341E-03  0.1135E-02  0.0000E+00  0.0000E+00
  0.3348E-03  0.1138E-02  0.0000E+00  0.0000E+00
  0.3355E-03  0.1141E-02  0.0000E+00  0.0000E+00
  0.3362E-03  0.1144E-02  0.0000E+00  0.0000E+00
  0.3369E-03  0.1146E-02  0.0000E+00  0.0000E+00
  0.3377E-03  0.1149E-02  0.0000E+00  0.0000E+00
  0.3384E-03  0.1152E-02  0.0000E+00  0.0000E+00
  0.3391E-03  0.1155E-02  0.0000E+00  0.0000E+00
  0.3398E-03  0.1158E-02  0.0000E+00  0.0000E+00
  0.3405E-03  0.1160E-02  0.0000E+00  0.0000E+00
  0.3413E-03  0.1163E-02  0.0000E+00  0.0000E+00
  0.3420E-03  0.1166E-02  0.0000E+00  0.0000E+00
  0.3427E-03  0.1169E-02  0.0000E+00  0.0000E+00
  0.3434E-03  0.1172E-02  0.0000E+00  0.0000E+00
  0.3442E-03  0.1174E-02  0.0000E+00  0.0000E+00
  0.3449E-03  0.1177E-02  0.0000E+00  0.0000E+00
  0.3456E-03  0.1180E-02  0.0000E+00  0.0000E+00
  0.3463E-03  0.1183E-02  0.0000E+00  0.0000E+00
  0.3470E-03  0.1185E-02  0.0000E+00  0.0000E+00
  0.3478E-03  0.1188E-02  0.0000E+00  0.0000E+00
  0.3485E-03  0.1191E-02  0.0000E+00  0.0000E+00
  0.3492E-03  0.1194E-02  0.0000E+00  0.0000E+00
  0.3499E-03  0.1197E-02  0.0000E+00  0.0000E+00
  0.3506E-03  0.1199E-02  0.0000E+00  0.0000E+00
  0.3514E-03  0.1202E-02  0.0000E+00  0.0000E+00
  0.3521E-03  0.1205E-02  0.0000E+00  0.0000E+00
  0.3528E-03  0.1208E-02  0.0000E+00  0.0000E+00
  0.3535E-03  0.1210E-02  0.0000E+00  0.0000E+00
  0.3543E-03  0.1213E-02  0.0000E+00  0.0000E+00
  0.3550E-03  0.1216E-02  0.0000E+00  0.0000E+00
  0.3557E-03  0.1219E-02  0.0000E+00  0.0000E+00
  0.3564E-03  0.1221E-02  0.0000E+00  0.0000E+00
  0.3571E-03  0.1224E-02  0.0000E+00  0.0000E+00
  0.3579E-03  0.1227E-02  0.0000E+00  0.0000E+00
  0.3586E-03  0.1229E-02  0.0000E+00  0.0000E+00
  0.3593E-03  0.1232E-02  0.0000E+00  0.0000E+00
  0.3600E-03  0.1235E-02  0.0000E+00  0.0000E+00
  0.3608E-03  0.1238E-02  0.0000E+00  0.0000E+00
  0.3615E-03  0.1240E-02  0.0000E+00  0.0000E+00
  0.3622E-03  0.1243E-02  0.0000E+00  0.0000E+00
  0.3629E-03  0.1246E-02  0.0000E+00  0.0000E+00
  0.3636E-03  0.1248E-02  0.0000E+00  0.0000E+00
  0.3644E-03  0.1251E-02  0.0000E+00  0.0000E+00
  0.3651E-03  0.1254E-02  0.0000E+00  0.0000E+00
  0.3658E-03  0.1257E-02  0.0000E+00  0.0000E+00
  0.3665E-03  0.1259E-02  0.0000E+00  0.0000E+00
  0.3672E-03  0.1262E-02  0.0000E+00  0.0000E+00
  0.3680E-03  0.1265E-02  0.0000E+00  0.0000E+00
  0.3687E-03  0.1267E-02  0.0000E+00  0.0000E+00
  0.3694E-03  0.1270E-02  0.0000E+00  0.0000E+00
  0.3701E-03  0.1273E-02  0.0000E+00  0.0000E+00
  0.3709E-03  0.1275E-02  0.0000E+00  0.0000E+00
  0.3716E-03  0.1278E-02  0.0000E+00  0.0000E+00
  0.3723E-03  0.1280E-02  0.0000E+00  0.0000E+00
  0.3730E-03  0.1283E-02  0.0000E+00  0.0000E+00
  0.3737E-03  0.1286E-02  0.0000E+00  0.0000E+00
  0.3745E-03  0.1288E-02  0.0000E+00  0.0000E+00
  0.3752E-03  0.1291E-02  0.0000E+00  0.0000E+00
  0.3759E-03  0.1293E-02  0.0000E+00  0.0000E+00
  0.3766E-03  0.1296E-02  0.0000E+00  0.0000E+00
  0.3773E-03  0.1299E-02  0.0000E+00  0.0000E+00
  0.3781E-03  0.1301E-02  0.0000E+00  0.0000E+00
  0.3788E-03  0.1304E-02  0.0000E+00  0.0000E+00
  0.3795E-03  0.1306E-02  0.0000E+00  0.0000E+00
  0.3802E-03  0.1309E-02  0.0000E+00  0.0000E+00
  0.3810E-03  0.1311E-02  0.0000E+00  0.0000E+00
  0.3817E-03  0.1314E-02  0.0000E+00  0.0000E+00
  0.3824E-03  0.1316E-02  0.0000E+00  0.0000E+00
  0.3831E-03  0.1319E-02  0.0000E+00  0.0000E+00
  0.3838E-03  0.1321E-02  0.0000E+00  0.0000E+00
  0.3846E-03  0.1324E-02  0.0000E+00  0.0000E+00
  0.3853E-03  0.1326E-02  0.0000E+00  0.0000E+00
  0.3860E-03  0.1329E-02  0.0000E+00  0.0000E+00
  0.3867E-03  0.1331E-02  0.0000E+00  0.0000E+00
  0.3874E-03  0.1333E-02  0.0000E+00  0.0000E+00
  0.3882E-03  0.1336E-02  0.0000E+00  0.0000E+00
  0.3889E-03  0.1338E-02  0.0000E+00  0.0000E+00
  0.3896E-03  0.1340E-02  0.0000E+00  0.0000E+00
  0.3903E-03  0.1343E-02  0.0000E+00  0.0000E+00
  0.3911E-03  0.1345E-02  0.0000E+00  0.0000E+00
  0.3918E-03  0.1347E-02  0.0000E+00  0.0000E+00
  0.3925E-03  0.1349E-02  0.0000E+00  0.0000E+00
  0.3932E-03  0.1352E-02  0.0000E+00  0.0000E+00
  0.3939E-03  0.1354E-02  0.0000E+00  0.0000E+00
  0.3947E-03  0.1356E-02  0.0000E+00  0.0000E+00
  0.3954E-03  0.1358E-02  0.0000E+00  0.0000E+00
  0.3961E-03  0.1360E-02  0.0000E+00  0.0000E+00
  0.3968E-03  0.1363E-02  0.0000E+00  0.0000E+00
  0.3975E-03  0.1365E-02  0.0000E+00  0.0000E+00
  0.3983E-03  0.1367E-02  0.0000E+00  0.0000E+00
  0.3990E-03  0.1369E-02  0.0000E+00  0.0000E+00
  0.3997E-03  0.1371E-02  0.0000E+00  0.0000E+00
  0.4004E-03  0.1373E-02  0.0000E+00  0.0000E+00
  0.4012E-03  0.1375E-02  0.0000E+00  0.0000E+00
  0.4019E-03  0.1378E-02  0.0000E+00  0.0000E+00
  0.4026E-03  0.1380E-02  0.0000E+00  0.0000E+00
  0.4033E-03  0.1382E-02  0.0000E+00  0.0000E+00
  0.4040E-03  0.1384E-02  0.0000E+00  0.0000E+00
  0.4048E-03  0.1386E-02  0.0000E+00  0.0000E+00
  0.4055E-03  0.1388E-02  0.0000E+00  0.0000E+00
  0.4062E-03  0.1390E-02  0.0000E+00  0.0000E+00
  0.4069E-03  0.1393E-02  0.0000E+00  0.0000E+00
  0.4076E-03  0.1395E-02  0.0000E+00  0.0000E+00
  0.4084E-03  0.1397E-02  0.0000E+00  0.0000E+00
  0.4091E-03  0.1399E-02  0.0000E+00  0.0000E+00
  0.4098E-03  0.1401E-02  0.0000E+00  0.0000E+00
  0.4105E-03  0.1403E-02  0.0000E+00  0.0000E+00
  0.4113E-03  0.1405E-02  0.0000E+00  0.0000E+00
  0.4120E-03  0.1408E-02  0.0000E+00  0.0000E+00
  0.4127E-03  0.1410E-02  0.0000E+00  0.0000E+00
  0.4134E-03  0.1412E-02  0.0000E+00  0.0000E+00
  0.4141E-03  0.1414E-02  0.0000E+00  0.0000E+00
  0.4149E-03  0.1416E-02  0.0000E+00  0.0000E+00
  0.4156E-03  0.1418E-02  0.0000E+00  0.0000E+00
  0.4163E-03  0.1420E-02  0.0000E+00  0.0000E+00
  0.4170E-03  0.1422E-02  0.0000E+00  0.0000E+00
  0.4177E-03  0.1425E-02  0.0000E+00  0.0000E+00
  0.4185E-03  0.1427E-02  0.0000E+00  0.0000E+00
  0.4192E-03  0.1429E-02  0.0000E+00  0.0000E+00
  0.4199E-03  0.1431E-02  0.0000E+00  0.0000E+00
  0.4206E-03  0.1433E-02  0.0000E+00  0.0000E+00
  0.4214E-03  0.1435E-02  0.0000E+00  0.0000E+00
  0.4221E-03  0.1438E-02  0.0000E+00  0.0000E+00
  0.4228E-03  0.1440E-02  0.0000E+00  0.0000E+00
  0.4235E-03  0.1442E-02  0.0000E+00  0.0000E+00
  0.4242E-03  0.1444E-02  0.0000E+00  0.0000E+00
  0.4250E-03  0.1446E-02  0.0000E+00  0.0000E+00
  0.4257E-03  0.1449E-02  0.0000E+00  0.0000E+00
  0.4264E-03  0.1451E-02  0.0000E+00  0.0000E+00
  0.4271E-03  0.1453E-02  0.0000E+00  0.0000E+00
  0.4278E-03  0.1456E-02  0.0000E+00  0.0000E+00
  0.4286E-03  0.1458E-02  0.0000E+00  0.0000E+00
  0.4293E-03  0.1460E-02  0.0000E+00  0.0000E+00
  0.4300E-03  0.1463E-02  0.0000E+00  0.0000E+00
  0.4307E-03  0.1465E-02  0.0000E+00  0.0000E+00
  0.4315E-03  0.1467E-02  0.0000E+00  0.0000E+00
  0.4322E-03  0.1470E-02  0.0000E+00  0.0000E+00
  0.4329E-03  0.1472E-02  0.0000E+00  0.0000E+00
  0.4336E-03  0.1474E-02  0.0000E+00  0.0000E+00
  0.4343E-03  0.1477E-02  0.0000E+00  0.0000E+00
  0.4351E-03  0.1479E-02  0.0000E+00  0.0000E+00
  0.4358E-03  0.1482E-02  0.0000E+00  0.0000E+00
  0.4365E-03  0.1484E-02  0.0000E+00  0.0000E+00
  0.4372E-03  0.1487E-02  0.0000E+00  0.0000E+00
  0.4380E-03  0.1489E-02  0.0000E+00  0.0000E+00
  0.4387E-03  0.1491E-02  0.0000E+00  0.0000E+00
  0.4394E-03  0.1494E-02  0.0000E+00  0.0000E+00
  0.4401E-03  0.1496E-02  0.0000E+00  0.0000E+00
  0.4408E-03  0.1499E-02  0.0000E+00  0.0000E+00
  0.4416E-03  0.1501E-02  0.0000E+00  0.0000E+00
  0.4423E-03  0.1504E-02  0.0000E+00  0.0000E+00
  0.4430E-03  0.1507E-02  0.0000E+00  0.0000E+00
  0.4437E-03  0.1509E-02  0.0000E+00  0.0000E+00
  0.4444E-03  0.1512E-02  0.0000E+00  0.0000E+00
  0.4452E-03  0.1514E-02  0.0000E+00  0.0000E+00
  0.4459E-03  0.1517E-02  0.0000E+00  0.0000E+00
  0.4466E-03  0.1519E-02  0.0000E+00  0.0000E+00
  0.4473E-03  0.1522E-02  0.0000E+00  0.0000E+00
  0.4481E-03  0.1525E-02  0.0000E+00  0.0000E+00
  0.4488E-03  0.1527E-02  0.0000E+00  0.0000E+00
  0.4495E-03  0.1530E-02  0.0000E+00  0.0000E+00
  0.4502E-03  0.1533E-02  0.0000E+00  0.0000E+00
  0.4509E-03  0.1535E-02  0.0000E+00  0.0000E+00
  0.4517E-03  0.1538E-02  0.0000E+00  0.0000E+00
  0.4524E-03  0.1541E-02  0.0000E+00  0.0000E+00
  0.4531E-03  0.1543E-02  0.0000E+00  0.0000E+00
  0.4538E-03  0.1546E-02  0.0000E+00  0.0000E+00
  0.4545E-03  0.1549E-02  0.0000E+00  0.0000E+00
  0.4553E-03  0.1551E-02  0.0000E+00  0.0000E+00
  0.4560E-03  0.1554E-02  0.0000E+00  0.0000E+00
  0.4567E-03  0.1557E-02  0.0000E+00  0.0000E+00
  0.4574E-03  0.1559E-02  0.0000E+00  0.0000E+00
  0.4582E-03  0.1562E-02  0.0000E+00  0.0000E+00
  0.4589E-03  0.1565E-02  0.0000E+00  0.0000E+00
  0.4596E-03  0.1567E-02  0.0000E+00  0.0000E+00
  0.4603E-03  0.1570E-02  0.0000E+00  0.0000E+00
  0.4610E-03  0.1573E-02  0.0000E+00  0.0000E+00
  0.4618E-03  0.1575E-02  0.0000E+00  0.0000E+00
  0.4625E-03  0.1578E-02  0.0000E+00  0.0000E+00
  0.4632E-03  0.1581E-02  0.0000E+00  0.0000E+00
  0.4639E-03  0.1583E-02  0.0000E+00  0.0000E+00
  0.4646E-03  0.1586E-02  0.0000E+00  0.0000E+00
  0.4654E-03  0.1589E-02  0.0000E+00  0.0000E+00
  0.4661E-03  0.1591E-02  0.0000E+00  0.0000E+00
  0.4668E-03  0.1594E-02  0.0000E+00  0.0000E+00
  0.4675E-03  0.1597E-02  0.0000E+00  0.0000E+00
  0.4683E-03  0.1599E-02  0.0000E+00  0.0000E+00
  0.4690E-03  0.1602E-02  0.0000E+00  0.0000E+00
  0.4697E-03  0.1605E-02  0.0000E+00  0.0000E+00
  0.4704E-03  0.1607E-02  0.0000E+00  0.0000E+00
  0.4711E-03  0.1610E-02  0.0000E+00  0.0000E+00
  0.4719E-03  0.1612E-02  0.0000E+00  0.0000E+00
  0.4726E-03  0.1615E-02  0.0000E+00  0.0000E+00
  0.4733E-03  0.1618E-02  0.0000E+00  0.0000E+00
  0.4740E-03  0.1620E-02  0.0000E+00  0.0000E+00
  0.4747E-03  0.1623E-02  0.0000E+00  0.0000E+00
  0.4755E-03  0.1625E-02  0.0000E+00  0.0000E+00
  0.4762E-03  0.1628E-02  0.0000E+00  0.0000E+00
  0.4769E-03  0.1630E-02  0.0000E+00  0.0000E+00
  0.4776E-03  0.1633E-02  0.0000E+00  0.0000E+00
  0.4784E-03  0.1636E-02  0.0000E+00  0.0000E+00
  0.4791E-03  0.1638E-02  0.0000E+00  0.0000E+00
  0.4798E-03  0.1641E-02  0.0000E+00  0.0000E+00
  0.4805E-03  0.1643E-02  0.0000E+00  0.0000E+00
  0.4812E-03  0.1646E-02  0.0000E+00  0.0000E+00
  0.4820E-03  0.1648E-02  0.0000E+00  0.0000E+00
  0.4827E-03  0.1651E-02  0.0000E+00  0.0000E+00
  0.4834E-03  0.1653E-02  0.0000E+00  0.0000E+00
  0.4841E-03  0.1656E-02  0.0000E+00  0.0000E+00
  0.4848E-03  0.1658E-02  0.0000E+00  0.0000E+00
  0.4856E-03  0.1661E-02  0.0000E+00  0.0000E+00
  0.4863E-03  0.1664E-02  0.0000E+00  0.0000E+00
  0.4870E-03  0.1666E-02  0.0000E+00  0.0000E+00
  0.4877E-03  0.1669E-02  0.0000E+00  0.0000E+00
  0.4885E-03  0.1671E-02  0.0000E+00  0.0000E+00
  0.4892E-03  0.1674E-02  0.0000E+00  0.0000E+00
  0.4899E-03  0.1676E-02  0.0000E+00  0.0000E+00
  0.4906E-03  0.1679E-02  0.0000E+00  0.0000E+00
  0.4913E-03  0.1681E-02  0.0000E+00  0.0000E+00
  0.4921E-03  0.1684E-02  0.0000E+00  0.0000E+00
  0.4928E-03  0.1686E-02  0.0000E+00  0.0000E+00
  0.4935E-03  0.1689E-02  0.0000E+00  0.0000E+00
  0.4942E-03  0.1692E-02  0.0000E+00  0.0000E+00
  0.4949E-03  0.1694E-02  0.0000E+00  0.0000E+00
  0.4957E-03  0.1697E-02  0.0000E+00  0.0000E+00
  0.4964E-03  0.1699E-02  0.0000E+00  0.0000E+00
  0.4971E-03  0.1702E-02  0.0000E+00  0.0000E+00
  0.4978E-03  0.1704E-02  0.0000E+00  0.0000E+00
  0.4986E-03  0.1707E-02  0.0000E+00  0.0000E+00
  0.4993E-03  0.1709E-02  0.0000E+00  0.0000E+00
  0.5000E-03  0.1712E-02  0.0000E+00  0.0000E+00
  0.5007E-03  0.1714E-02  0.0000E+00  0.0000E+00
  0.5014E-03  0.1717E-02  0.0000E+00  0.0000E+00
  0.5022E-03  0.1719E-02  0.0000E+00  0.0000E+00
  0.5029E-03  0.1722E-02  0.0000E+00  0.0000E+00
  0.5036E-03  0.1724E-02  0.0000E+00  0.0000E+00
  0.5043E-03  0.1727E-02  0.0000E+00  0.0000E+00
  0.5051E-03  0.1729E-02  0.0000E+00  0.0000E+00
  0.5058E-03  0.1732E-02  0.0000E+00  0.0000E+00
  0.5065E-03  0.1734E-02  0.0000E+00  0.0000E+00
  0.5072E-03  0.1736E-02  0.0000E+00  0.0000E+00
  0.5079E-03  0.1739E-02  0.0000E+00  0.0000E+00
  0.5087E-03  0.1741E-02  0.0000E+00  0.0000E+00
  0.5094E-03  0.1744E-02  0.0000E+00  0.0000E+00
  0.5101E-03  0.1746E-02  0.0000E+00  0.0000E+00
  0.5108E-03  0.1749E-02  0.0000E+00  0.0000E+00
  0.5115E-03  0.1751E-02  0.0000E+00  0.0000E+00
  0.5123E-03  0.1753E-02  0.0000E+00  0.0000E+00
  0.5130E-03  0.1756E-02  0.0000E+00  0.0000E+00
  0.5137E-03  0.1758E-02  0.0000E+00  0.0000E+00
  0.5144E-03  0.1760E-02  0.0000E+00  0.0000E+00
  0.5152E-03  0.1763E-02  0.0000E+00  0.0000E+00
  0.5159E-03  0.1765E-02  0.0000E+00  0.0000E+00
  0.5166E-03  0.1768E-02  0.0000E+00  0.0000E+00
  0.5173E-03  0.1770E-02  0.0000E+00  0.0000E+00
  0.5180E-03  0.1772E-02  0.0000E+00  0.0000E+00
  0.5188E-03  0.1775E-02  0.0000E+00  0.0000E+00
  0.5195E-03  0.1777E-02  0.0000E+00  0.0000E+00
  0.5202E-03  0.1779E-02  0.0000E+00  0.0000E+00
  0.5209E-03  0.1781E-02  0.0000E+00  0.0000E+00
  0.5216E-03  0.1784E-02  0.0000E+00  0.0000E+00
  0.5224E-03  0.1786E-02  0.0000E+00  0.0000E+00
  0.5231E-03  0.1788E-02  0.0000E+00  0.0000E+00
  0.5238E-03  0.1791E-02  0.0000E+00  0.0000E+00
  0.5245E-03  0.1793E-02  0.0000E+00  0.0000E+00
  0.5253E-03  0.1795E-02  0.0000E+00  0.0000E+00
  0.5260E-03  0.1797E-02  0.0000E+00  0.0000E+00
  0.5267E-03  0.1800E-02  0.0000E+00  0.0000E+00
  0.5274E-03  0.1802E-02  0.0000E+00  0.0000E+00
  0.5281E-03  0.1804E-02  0.0000E+00  0.0000E+00
  0.5289E-03  0.1806E-02  0.0000E+00  0.0000E+00
  0.5296E-03  0.1809E-02  0.0000E+00  0.0000E+00
  0.5303E-03  0.1811E-02  0.0000E+00  0.0000E+00
  0.5310E-03  0.1813E-02  0.0000E+00  0.0000E+00
  0.5317E-03  0.1815E-02  0.0000E+00  0.0000E+00
  0.5325E-03  0.1818E-02  0.0000E+00  0.0000E+00
  0.5332E-03  0.1820E-02  0.0000E+00  0.0000E+00
  0.5339E-03  0.1822E-02  0.0000E+00  0.0000E+00
  0.5346E-03  0.1824E-02  0.0000E+00  0.0000E+00
  0.5354E-03  0.1826E-02  0.0000E+00  0.0000E+00
  0.5361E-03  0.1829E-02  0.0000E+00  0.0000E+00
  0.5368E-03  0.1831E-02  0.0000E+00  0.0000E+00
  0.5375E-03  0.1833E-02  0.0000E+00  0.0000E+00
  0.5382E-03  0.1835E-02  0.0000E+00  0.0000E+00
  0.5390E-03  0.1838E-02  0.0000E+00  0.0000E+00
  0.5397E-03  0.1840E-02  0.0000E+00  0.0000E+00
  0.5404E-03  0.1842E-02  0.0000E+00  0.0000E+00
  0.5411E-03  0.1844E-02  0.0000E+00  0.0000E+00
  0.5418E-03  0.1846E-02  0.0000E+00  0.0000E+00
  0.5426E-03  0.1849E-02  0.0000E+00  0.0000E+00
  0.5433E-03  0.1851E-02  0.0000E+00  0.0000E+00
  0.5440E-03  0.1853E-02  0.0000E+00  0.0000E+00
  0.5447E-03  0.1855E-02  0.0000E+00  0.0000E+00
  0.5455E-03  0.1858E-02  0.0000E+00  0.0000E+00
  0.5462E-03  0.1860E-02  0.0000E+00  0.0000E+00
  0.5469E-03  0.1862E-02  0.0000E+00  0.0000E+00
  0.5476E-03  0.1864E-02  0.0000E+00  0.0000E+00
  0.5483E-03  0.1867E-02  0.0000E+00  0.0000E+00
  0.5491E-03  0.1869E-02  0.0000E+00  0.0000E+00
  0.5498E-03  0.1871E-02  0.0000E+00  0.0000E+00
  0.5505E-03  0.1873E-02  0.0000E+00  0.0000E+00
  0.5512E-03  0.1876E-02  0.0000E+00  0.0000E+00
  0.5519E-03  0.1878E-02  0.0000E+00  0.0000E+00
  0.5527E-03  0.1880E-02  0.0000E+00  0.0000E+00
  0.5534E-03  0.1883E-02  0.0000E+00  0.0000E+00
  0.5541E-03  0.1885E-02  0.0000E+00  0.0000E+00
  0.5548E-03  0.1887E-02  0.0000E+00  0.0000E+00
  0.5556E-03  0.1890E-02  0.0000E+00  0.0000E+00
  0.5563E-03  0.1892E-02  0.0000E+00  0.0000E+00
  0.5570E-03  0.1894E-02  0.0000E+00  0.0000E+00
  0.5577E-03  0.1897E-02  0.0000E+00  0.0000E+00
  0.5584E-03  0.1899E-02  0.0000E+00  0.0000E+00
  0.5592E-03  0.1901E-02  0.0000E+00  0.0000E+00
  0.5599E-03  0.1904E-02  0.0000E+00  0.0000E+00
  0.5606E-03  0.1906E-02  0.0000E+00  0.0000E+00
  0.5613E-03  0.1909E-02  0.0000E+00  0.0000E+00
  0.5620E-03  0.1911E-02  0.0000E+00  0.0000E+00
  0.5628E-03  0.1914E-02  0.0000E+00  0.0000E+00
  0.5635E-03  0.1916E-02  0.0000E+00  0.0000E+00
  0.5642E-03  0.1918E-02  0.0000E+00  0.0000E+00
  0.5649E-03  0.1921E-02  0.0000E+00  0.0000E+00
  0.5657E-03  0.1923E-02  0.0000E+00  0.0000E+00
  0.5664E-03  0.1926E-02  0.0000E+00  0.0000E+00
  0.5671E-03  0.1928E-02  0.0000E+00  0.0000E+00
  0.5678E-03  0.1931E-02  0.0000E+00  0.0000E+00
  0.5685E-03  0.1934E-02  0.0000E+00  0.0000E+00
  0.5693E-03  0.1936E-02  0.0000E+00  0.0000E+00
  0.5700E-03  0.1939E-02  0.0000E+00  0.0000E+00
  0.5707E-03  0.1941E-02  0.0000E+00  0.0000E+00
  0.5714E-03  0.1944E-02  0.0000E+00  0.0000E+00
  0.5722E-03  0.1946E-02  0.0000E+00  0.0000E+00
  0.5729E-03  0.1949E-02  0.0000E+00  0.0000E+00
  0.5736E-03  0.1952E-02  0.0000E+00  0.0000E+00
  0.5743E-03  0.1954E-02  0.0000E+00  0.0000E+00
  0.5750E-03  0.1957E-02  0.0000E+00  0.0000E+00
  0.5758E-03  0.1960E-02  0.0000E+00  0.0000E+00
  0.5765E-03  0.1962E-02  0.0000E+00  0.0000E+00
  0.5772E-03  0.1965E-02  0.0000E+00  0.0000E+00
  0.5779E-03  0.1967E-02  0.0000E+00  0.0000E+00
  0.5786E-03  0.1970E-02  0.0000E+00  0.0000E+00
  0.5794E-03  0.1973E-02  0.0000E+00  0.0000E+00
  0.5801E-03  0.1975E-02  0.0000E+00  0.0000E+00
  0.5808E-03  0.1978E-02  0.0000E+00  0.0000E+00
  0.5815E-03  0.1981E-02  0.0000E+00  0.0000E+00
  0.5823E-03  0.1984E-02  0.0000E+00  0.0000E+00
  0.5830E-03  0.1986E-02  0.0000E+00  0.0000E+00
  0.5837E-03  0.1989E-02  0.0000E+00  0.0000E+00
  0.5844E-03  0.1992E-02  0.0000E+00  0.0000E+00
  0.5851E-03  0.1994E-02  0.0000E+00  0.0000E+00
  0.5859E-03  0.1997E-02  0.0000E+00  0.0000E+00
  0.5866E-03  0.2000E-02  0.0000E+00  0.0000E+00
  0.5873E-03  0.2002E-02  0.0000E+00  0.0000E+00
  0.5880E-03  0.2005E-02  0.0000E+00  0.0000E+00
  0.5887E-03  0.2008E-02  0.0000E+00  0.0000E+00
  0.5895E-03  0.2010E-02  0.0000E+00  0.0000E+00
  0.5902E-03  0.2013E-02  0.0000E+00  0.0000E+00
  0.5909E-03  0.2016E-02  0.0000E+00  0.0000E+00
  0.5916E-03  0.2018E-02  0.0000E+00  0.0000E+00
  0.5924E-03  0.2021E-02  0.0000E+00  0.0000E+00
  0.5931E-03  0.2024E-02  0.0000E+00  0.0000E+00
  0.5938E-03  0.2026E-02  0.0000E+00  0.0000E+00
  0.5945E-03  0.2029E-02  0.0000E+00  0.0000E+00
  0.5952E-03  0.2032E-02  0.0000E+00  0.0000E+00
  0.5960E-03  0.2034E-02  0.0000E+00  0.0000E+00
  0.5967E-03  0.2037E-02  0.0000E+00  0.0000E+00
  0.5974E-03  0.2040E-02  0.0000E+00  0.0000E+00
  0.5981E-03  0.2042E-02  0.0000E+00  0.0000E+00
  0.5988E-03  0.2045E-02  0.0000E+00  0.0000E+00
  0.5996E-03  0.2048E-02  0.0000E+00  0.0000E+00
  0.6003E-03  0.2050E-02  0.0000E+00  0.0000E+00
  0.6010E-03  0.2053E-02  0.0000E+00  0.0000E+00
  0.6017E-03  0.2056E-02  0.0000E+00  0.0000E+00
  0.6025E-03  0.2058E-02  0.0000E+00  0.0000E+00
  0.6032E-03  0.2061E-02  0.0000E+00  0.0000E+00
  0.6039E-03  0.2063E-02  0.0000E+00  0.0000E+00
  0.6046E-03  0.2066E-02  0.0000E+00  0.0000E+00
  0.6053E-03  0.2069E-02  0.0000E+00  0.0000E+00
  0.6061E-03  0.2071E-02  0.0000E+00  0.0000E+00
  0.6068E-03  0.2074E-02  0.0000E+00  0.0000E+00
  0.6075E-03  0.2076E-02  0.0000E+00  0.0000E+00
  0.6082E-03  0.2079E-02  0.0000E+00  0.0000E+00
  0.6089E-03  0.2082E-02  0.0000E+00  0.0000E+00
  0.6097E-03  0.2084E-02  0.0000E+00  0.0000E+00
  0.6104E-03  0.2087E-02  0.0000E+00  0.0000E+00
  0.6111E-03  0.2089E-02  0.0000E+00  0.0000E+00
  0.6118E-03  0.2092E-02  0.0000E+00  0.0000E+00
  0.6126E-03  0.2094E-02  0.0000E+00  0.0000E+00
  0.6133E-03  0.2097E-02  0.0000E+00  0.0000E+00
  0.6140E-03  0.2099E-02  0.0000E+00  0.0000E+00
  0.6147E-03  0.2102E-02  0.0000E+00  0.0000E+00
  0.6154E-03  0.2104E-02  0.0000E+00  0.0000E+00
  0.6162E-03  0.2107E-02  0.0000E+00  0.0000E+00
  0.6169E-03  0.2109E-02  0.0000E+00  0.0000E+00
  0.6176E-03  0.2112E-02  0.0000E+00  0.0000E+00
  0.6183E-03  0.2114E-02  0.0000E+00  0.0000E+00
  0.6190E-03  0.2117E-02  0.0000E+00  0.0000E+00
  0.6198E-03  0.2119E-02  0.0000E+00  0.0000E+00
  0.6205E-03  0.2122E-02  0.0000E+00  0.0000E+00
  0.6212E-03  0.2124E-02  0.0000E+00  0.0000E+00
  0.6219E-03  0.2127E-02  0.0000E+00  0.0000E+00
  0.6227E-03  0.2129E-02  0.0000E+00  0.0000E+00
  0.6234E-03  0.2131E-02  0.0000E+00  0.0000E+00
  0.6241E-03  0.2134E-02  0.0000E+00  0.0000E+00
  0.6248E-03  0.2136E-02  0.0000E+00  0.0000E+00
  0.6255E-03  0.2139E-02  0.0000E+00  0.0000E+00
  0.6263E-03  0.2141E-02  0.0000E+00  0.0000E+00
  0.6270E-03  0.2143E-02  0.0000E+00  0.0000E+00
  0.6277E-03  0.2146E-02  0.0000E+00  0.0000E+00
  0.6284E-03  0.2148E-02  0.0000E+00  0.0000E+00
  0.6291E-03  0.2150E-02  0.0000E+00  0.0000E+00
  0.6299E-03  0.2153E-02  0.0000E+00  0.0000E+00
  0.6306E-03  0.2155E-02  0.0000E+00  0.0000E+00
  0.6313E-03  0.2157E-02  0.0000E+00  0.0000E+00
  0.6320E-03  0.2160E-02  0.0000E+00  0.0000E+00
  0.6328E-03  0.2162E-02  0.0000E+00  0.0000E+00
  0.6335E-03  0.2164E-02  0.0000E+00  0.0000E+00
  0.6342E-03  0.2167E-02  0.0000E+00  0.0000E+00
  0.6349E-03  0.2169E-02  0.0000E+00  0.0000E+00
  0.6356E-03  0.2171E-02  0.0000E+00  0.0000E+00
  0.6364E-03  0.2174E-02  0.0000E+00  0.0000E+00
  0.6371E-03  0.2176E-02  0.0000E+00  0.0000E+00
  0.6378E-03  0.2178E-02  0.0000E+00  0.0000E+00
  0.6385E-03  0.2181E-02  0.0000E+00  0.0000E+00
  0.6392E-03  0.2183E-02  0.0000E+00  0.0000E+00
  0.6400E-03  0.2185E-02  0.0000E+00  0.0000E+00
  0.6407E-03  0.2188E-02  0.0000E+00  0.0000E+00
  0.6414E-03  0.2190E-02  0.0000E+00  0.0000E+00
  0.6421E-03  0.2192E-02  0.0000E+00  0.0000E+00
  0.6429E-03  0.2194E-02  0.0000E+00  0.0000E+00
  0.6436E-03  0.2197E-02  0.0000E+00  0.0000E+00
  0.6443E-03  0.2199E-02  0.0000E+00  0.0000E+00
  0.6450E-03  0.2201E-02  0.0000E+00  0.0000E+00
  0.6457E-03  0.2204E-02  0.0000E+00  0.0000E+00
  0.6465E-03  0.2206E-02  0.0000E+00  0.0000E+00
  0.6472E-03  0.2208E-02  0.0000E+00  0.0000E+00
  0.6479E-03  0.2210E-02  0.0000E+00  0.0000E+00
  0.6486E-03  0.2213E-02  0.0000E+00  0.0000E+00
  0.6494E-03  0.2215E-02  0.0000E+00  0.0000E+00
  0.6501E-03  0.2217E-02  0.0000E+00  0.0000E+00
  0.6508E-03  0.2220E-02  0.0000E+00  0.0000E+00
  0.6515E-03  0.2222E-02  0.0000E+00  0.0000E+00
  0.6522E-03  0.2224E-02  0.0000E+00  0.0000E+00
  0.6530E-03  0.2226E-02  0.0000E+00  0.0000E+00
  0.6537E-03  0.2229E-02  0.0000E+00  0.0000E+00
  0.6544E-03  0.2231E-02  0.0000E+00  0.0000E+00
  0.6551E-03  0.2233E-02  0.0000E+00  0.0000E+00
  0.6558E-03  0.2236E-02  0.0000E+00  0.0000E+00
  0.6566E-03  0.2238E-02  0.0000E+00  0.0000E+00
  0.6573E-03  0.2240E-02  0.0000E+00  0.0000E+00
  0.6580E-03  0.2243E-02  0.0000E+00  0.0000E+00
  0.6587E-03  0.2245E-02  0.0000E+00  0.0000E+00
  0.6595E-03  0.2247E-02  0.0000E+00  0.0000E+00
  0.6602E-03  0.2250E-02  0.0000E+00  0.0000E+00
  0.6609E-03  0.2252E-02  0.0000E+00  0.0000E+00
  0.6616E-03  0.2254E-02  0.0000E+00  0.0000E+00
  0.6623E-03  0.2257E-02  0.0000E+00  0.0000E+00
  0.6631E-03  0.2259E-02  0.0000E+00  0.0000E+00
  0.6638E-03  0.2261E-02  0.0000E+00  0.0000E+00
  0.6645E-03  0.2264E-02  0.0000E+00  0.0000E+00
  0.6652E-03  0.2266E-02  0.0000E+00  0.0000E+00
  0.6659E-03  0.2268E-02  0.0000E+00  0.0000E+00
  0.6667E-03  0.2271E-02  0.0000E+00  0.0000E+00
  0.6674E-03  0.2273E-02  0.0000E+00  0.0000E+00
  0.6681E-03  0.2276E-02  0.0000E+00  0.0000E+00
  0.6688E-03  0.2278E-02  0.0000E+00  0.0000E+00
  0.6696E-03  0.2280E-02  0.0000E+00  0.0000E+00
  0.6703E-03  0.2283E-02  0.0000E+00  0.0000E+00
  0.6710E-03  0.2285E-02  0.0000E+00  0.0000E+00
  0.6717E-03  0.2288E-02  0.0000E+00  0.0000E+00
  0.6724E-03  0.2290E-02  0.0000E+00  0.0000E+00
  0.6732E-03  0.2292E-02  0.0000E+00  0.0000E+00
  0.6739E-03  0.2295E-02  0.0000E+00  0.0000E+00
  0.6746E-03  0.2297E-02  0.0000E+00  0.0000E+00
  0.6753E-03  0.2300E-02  0.0000E+00  0.0000E+00
  0.6760E-03  0.2302E-02  0.0000E+00  0.0000E+00
  0.6768E-03  0.2305E-02  0.0000E+00  0.0000E+00
  0.6775E-03  0.2307E-02  0.0000E+00  0.0000E+00
  0.6782E-03  0.2309E-02  0.0000E+00  0.0000E+00
  0.6789E-03  0.2312E-02  0.0000E+00  0.0000E+00
  0.6797E-03  0.2314E-02  0.0000E+00  0.0000E+00
  0.6804E-03  0.2317E-02  0.0000E+00  0.0000E+00
  0.6811E-03  0.2319E-02  0.0000E+00  0.0000E+00
  0.6818E-03  0.2322E-02  0.0000E+00  0.0000E+00
  0.6825E-03  0.2324E-02  0.0000E+00  0.0000E+00
  0.6833E-03  0.2327E-02  0.0000E+00  0.0000E+00
  0.6840E-03  0.2329E-02  0.0000E+00  0.0000E+00
  0.6847E-03  0.2332E-02  0.0000E+00  0.0000E+00
  0.6854E-03  0.2334E-02  0.0000E+00  0.0000E+00
  0.6861E-03  0.2337E-02  0.0000E+00  0.0000E+00
  0.6869E-03  0.2339E-02  0.0000E+00  0.0000E+00
  0.6876E-03  0.2341E-02  0.0000E+00  0.0000E+00
  0.6883E-03  0.2344E-02  0.0000E+00  0.0000E+00
  0.6890E-03  0.2346E-02  0.0000E+00  0.0000E+00
  0.6898E-03  0.2349E-02  0.0000E+00  0.0000E+00
  0.6905E-03  0.2351E-02  0.0000E+00  0.0000E+00
  0.6912E-03  0.2354E-02  0.0000E+00  0.0000E+00
  0.6919E-03  0.2356E-02  0.0000E+00  0.0000E+00
  0.6926E-03  0.2359E-02  0.0000E+00  0.0000E+00
  0.6934E-03  0.2361E-02  0.0000E+00  0.0000E+00
  0.6941E-03  0.2364E-02  0.0000E+00  0.0000E+00
  0.6948E-03  0.2366E-02  0.0000E+00  0.0000E+00
  0.6955E-03  0.2369E-02  0.0000E+00  0.0000E+00
  0.6962E-03  0.2371E-02  0.0000E+00  0.0000E+00
  0.6970E-03  0.2374E-02  0.0000E+00  0.0000E+00
  0.6977E-03  0.2376E-02  0.0000E+00  0.0000E+00
  0.6984E-03  0.2379E-02  0.0000E+00  0.0000E+00
  0.6991E-03  0.2381E-02  0.0000E+00  0.0000E+00
  0.6999E-03  0.2384E-02  0.0000E+00  0.0000E+00
  0.7006E-03  0.2386E-02  0.0000E+00  0.0000E+00
  0.7013E-03  0.2388E-02  0.0000E+00  0.0000E+00
  0.7020E-03  0.2391E-02  0.0000E+00  0.0000E+00
  0.7027E-03  0.2393E-02  0.0000E+00  0.0000E+00
  0.7035E-03  0.2396E-02  0.0000E+00  0.0000E+00
  0.7042E-03  0.2398E-02  0.0000E+00  0.0000E+00
  0.7049E-03  0.2401E-02  0.0000E+00  0.0000E+00
  0.7056E-03  0.2403E-02  0.0000E+00  0.0000E+00
  0.7063E-03  0.2406E-02  0.0000E+00  0.0000E+00
  0.7071E-03  0.2408E-02  0.0000E+00  0.0000E+00
  0.7078E-03  0.2410E-02  0.0000E+00  0.0000E+00
  0.7085E-03  0.2413E-02  0.0000E+00  0.0000E+00
  0.7092E-03  0.2415E-02  0.0000E+00  0.0000E+00
  0.7100E-03  0.2418E-02  0.0000E+00  0.0000E+00
  0.7107E-03  0.2420E-02  0.0000E+00  0.0000E+00
  0.7114E-03  0.2423E-02  0.0000E+00  0.0000E+00
  0.7121E-03  0.2425E-02  0.0000E+00  0.0000E+00
  0.7128E-03  0.2427E-02  0.0000E+00  0.0000E+00
  0.7136E-03  0.2430E-02  0.0000E+00  0.0000E+00
  0.7143E-03  0.2432E-02  0.0000E+00  0.0000E+00
  0.7150E-03  0.2435E-02  0.0000E+00  0.0000E+00
  0.7157E-03  0.2437E-02  0.0000E+00  0.0000E+00
  0.7165E-03  0.2439E-02  0.0000E+00  0.0000E+00
  0.7172E-03  0.2442E-02  0.0000E+00  0.0000E+00
  0.7179E-03  0.2444E-02  0.0000E+00  0.0000E+00
  0.7186E-03  0.2447E-02  0.0000E+00  0.0000E+00
  0.7193E-03  0.2449E-02  0.0000E+00  0.0000E+00
  0.7201E-03  0.2451E-02  0.0000E+00  0.0000E+00
  0.7208E-03  0.2454E-02  0.0000E+00  0.0000E+00
  0.7215E-03  0.2456E-02  0.0000E+00  0.0000E+00
  0.7222E-03  0.2459E-02  0.0000E+00  0.0000E+00
  0.7229E-03  0.2461E-02  0.0000E+00  0.0000E+00
  0.7237E-03  0.2463E-02  0.0000E+00  0.0000E+00
  0.7244E-03  0.2466E-02  0.0000E+00  0.0000E+00
  0.7251E-03  0.2468E-02  0.0000E+00  0.0000E+00
  0.7258E-03  0.2471E-02  0.0000E+00  0.0000E+00
  0.7266E-03  0.2473E-02  0.0000E+00  0.0000E+00
  0.7273E-03  0.2475E-02  0.0000E+00  0.0000E+00
  0.7280E-03  0.2478E-02  0.0000E+00  0.0000E+00
  0.7287E-03  0.2480E-02  0.0000E+00  0.0000E+00
  0.7294E-03  0.2483E-02  0.0000E+00  0.0000E+00
  0.7302E-03  0.2485E-02  0.0000E+00  0.0000E+00
  0.7309E-03  0.2488E-02  0.0000E+00  0.0000E+00
  0.7316E-03  0.2490E-02  0.0000E+00  0.0000E+00
  0.7323E-03  0.2493E-02  0.0000E+00  0.0000E+00
  0.7330E-03  0.2495E-02  0.0000E+00  0.0000E+00
  0.7338E-03  0.2497E-02  0.0000E+00  0.0000E+00
  0.7345E-03  0.2500E-02  0.0000E+00  0.0000E+00
  0.7352E-03  0.2502E-02  0.0000E+00  0.0000E+00
  0.7359E-03  0.2505E-02  0.0000E+00  0.0000E+00
  0.7367E-03  0.2507E-02  0.0000E+00  0.0000E+00
  0.7374E-03  0.2510E-02  0.0000E+00  0.0000E+00
  0.7381E-03  0.2512E-02  0.0000E+00  0.0000E+00
  0.7388E-03  0.2515E-02  0.0000E+00  0.0000E+00
  0.7395E-03  0.2517E-02  0.0000E+00  0.0000E+00
  0.7403E-03  0.2520E-02  0.0000E+00  0.0000E+00
  0.7410E-03  0.2522E-02  0.0000E+00  0.0000E+00
  0.7417E-03  0.2525E-02  0.0000E+00  0.0000E+00
  0.7424E-03  0.2527E-02  0.0000E+00  0.0000E+00
  0.7431E-03  0.2529E-02  0.0000E+00  0.0000E+00
  0.7439E-03  0.2532E-02  0.0000E+00  0.0000E+00
  0.7446E-03  0.2534E-02  0.0000E+00  0.0000E+00
  0.7453E-03  0.2537E-02  0.0000E+00  0.0000E+00
  0.7460E-03  0.2539E-02  0.0000E+00  0.0000E+00
  0.7468E-03  0.2542E-02  0.0000E+00  0.0000E+00
  0.7475E-03  0.2544E-02  0.0000E+00  0.0000E+00
  0.7482E-03  0.2547E-02  0.0000E+00  0.0000E+00
  0.7489E-03  0.2549E-02  0.0000E+00  0.0000E+00
  0.7496E-03  0.2552E-02  0.0000E+00  0.0000E+00
  0.7504E-03  0.2554E-02  0.0000E+00  0.0000E+00
  0.7511E-03  0.2557E-02  0.0000E+00  0.0000E+00
  0.7518E-03  0.2559E-02  0.0000E+00  0.0000E+00
  0.7525E-03  0.2562E-02  0.0000E+00  0.0000E+00
  0.7532E-03  0.2564E-02  0.0000E+00  0.0000E+00
  0.7540E-03  0.2567E-02  0.0000E+00  0.0000E+00
  0.7547E-03  0.2569E-02  0.0000E+00  0.0000E+00
  0.7554E-03  0.2571E-02  0.0000E+00  0.0000E+00
  0.7561E-03  0.2574E-02  0.0000E+00  0.0000E+00
  0.7569E-03  0.2576E-02  0.0000E+00  0.0000E+00
  0.7576E-03  0.2579E-02  0.0000E+00  0.0000E+00
  0.7583E-03  0.2581E-02  0.0000E+00  0.0000E+00
  0.7590E-03  0.2584E-02  0.0000E+00  0.0000E+00
  0.7597E-03  0.2586E-02  0.0000E+00  0.0000E+00
  0.7605E-03  0.2589E-02  0.0000E+00  0.0000E+00
  0.7612E-03  0.2591E-02  0.0000E+00  0.0000E+00
  0.7619E-03  0.2593E-02  0.0000E+00  0.0000E+00
  0.7626E-03  0.2596E-02  0.0000E+00  0.0000E+00
  0.7633E-03  0.2598E-02  0.0000E+00  0.0000E+00
  0.7641E-03  0.2601E-02  0.0000E+00  0.0000E+00
  0.7648E-03  0.2603E-02  0.0000E+00  0.0000E+00
  0.7655E-03  0.2605E-02  0.0000E+00  0.0000E+00
  0.7662E-03  0.2608E-02  0.0000E+00  0.0000E+00
  0.7670E-03  0.2610E-02  0.0000E+00  0.0000E+00
  0.7677E-03  0.2613E-02  0.0000E+00  0.0000E+00
  0.7684E-03  0.2615E-02  0.0000E+00  0.0000E+00
  0.7691E-03  0.2617E-02  0.0000E+00  0.0000E+00
  0.7698E-03  0.2620E-02  0.0000E+00  0.0000E+00
  0.7706E-03  0.2622E-02  0.0000E+00  0.0000E+00
  0.7713E-03  0.2625E-02  0.0000E+00  0.0000E+00
  0.7720E-03  0.2627E-02  0.0000E+00  0.0000E+00
  0.7727E-03  0.2629E-02  0.0000E+00  0.0000E+00
  0.7734E-03  0.2632E-02  0.0000E+00  0.0000E+00
  0.7742E-03  0.2634E-02  0.0000E+00  0.0000E+00
  0.7749E-03  0.2636E-02  0.0000E+00  0.0000E+00
  0.7756E-03  0.2639E-02  0.0000E+00  0.0000E+00
  0.7763E-03  0.2641E-02  0.0000E+00  0.0000E+00
  0.7771E-03  0.2643E-02  0.0000E+00  0.0000E+00
  0.7778E-03  0.2646E-02  0.0000E+00  0.0000E+00
  0.7785E-03  0.2648E-02  0.0000E+00  0.0000E+00
  0.7792E-03  0.2650E-02  0.0000E+00  0.0000E+00
  0.7799E-03  0.2653E-02  0.0000E+00  0.0000E+00
  0.7807E-03  0.2655E-02  0.0000E+00  0.0000E+00
  0.7814E-03  0.2657E-02  0.0000E+00  0.0000E+00
  0.7821E-03  0.2660E-02  0.0000E+00  0.0000E+00
  0.7828E-03  0.2662E-02  0.0000E+00  0.0000E+00
  0.7835E-03  0.2664E-02  0.0000E+00  0.0000E+00
  0.7843E-03  0.2667E-02  0.0000E+00  0.0000E+00
  0.7850E-03  0.2669E-02  0.0000E+00  0.0000E+00
  0.7857E-03  0.2671E-02  0.0000E+00  0.0000E+00
  0.7864E-03  0.2674E-02  0.0000E+00  0.0000E+00
  0.7872E-03  0.2676E-02  0.0000E+00  0.0000E+00
  0.7879E-03  0.2678E-02  0.0000E+00  0.0000E+00
  0.7886E-03  0.2681E-02  0.0000E+00  0.0000E+00
  0.7893E-03  0.2683E-02  0.0000E+00  0.0000E+00
  0.7900E-03  0.2685E-02  0.0000E+00  0.0000E+00
  0.7908E-03  0.2688E-02  0.0000E+00  0.0000E+00
  0.7915E-03  0.2690E-02  0.0000E+00  0.0000E+00
  0.7922E-03  0.2692E-02  0.0000E+00  0.0000E+00
  0.7929E-03  0.2694E-02  0.0000E+00  0.0000E+00
  0.7937E-03  0.2697E-02  0.0000E+00  0.0000E+00
  0.7944E-03  0.2699E-02  0.0000E+00  0.0000E+00
  0.7951E-03  0.2701E-02  0.0000E+00  0.0000E+00
  0.7958E-03  0.2704E-02  0.0000E+00  0.0000E+00
  0.7965E-03  0.2706E-02  0.0000E+00  0.0000E+00
  0.7973E-03  0.2708E-02  0.0000E+00  0.0000E+00
  0.7980E-03  0.2711E-02  0.0000E+00  0.0000E+00
  0.7987E-03  0.2713E-02  0.0000E+00  0.0000E+00
  0.7994E-03  0.2715E-02  0.0000E+00  0.0000E+00
  0.8001E-03  0.2718E-02  0.0000E+00  0.0000E+00
  0.8009E-03  0.2720E-02  0.0000E+00  0.0000E+00
  0.8016E-03  0.2722E-02  0.0000E+00  0.0000E+00
  0.8023E-03  0.2724E-02  0.0000E+00  0.0000E+00
  0.8030E-03  0.2727E-02  0.0000E+00  0.0000E+00
  0.8038E-03  0.2729E-02  0.0000E+00  0.0000E+00
  0.8045E-03  0.2731E-02  0.0000E+00  0.0000E+00
  0.8052E-03  0.2734E-02  0.0000E+00  0.0000E+00
  0.8059E-03  0.2736E-02  0.0000E+00  0.0000E+00
  0.8066E-03  0.2738E-02  0.0000E+00  0.0000E+00
  0.8074E-03  0.2741E-02  0.0000E+00  0.0000E+00
  0.8081E-03  0.2743E-02  0.0000E+00  0.0000E+00
  0.8088E-03  0.2745E-02  0.0000E+00  0.0000E+00
  0.8095E-03  0.2748E-02  0.0000E+00  0.0000E+00
  0.8102E-03  0.2750E-02  0.0000E+00  0.0000E+00
  0.8110E-03  0.2752E-02  0.0000E+00  0.0000E+00
  0.8117E-03  0.2755E-02  0.0000E+00  0.0000E+00
  0.8124E-03  0.2757E-02  0.0000E+00  0.0000E+00
  0.8131E-03  0.2760E-02  0.0000E+00  0.0000E+00
  0.8139E-03  0.2762E-02  0.0000E+00  0.0000E+00
  0.8146E-03  0.2764E-02  0.0000E+00  0.0000E+00
  0.8153E-03  0.2767E-02  0.0000E+00  0.0000E+00
  0.8160E-03  0.2769E-02  0.0000E+00  0.0000E+00
  0.8167E-03  0.2771E-02  0.0000E+00  0.0000E+00
  0.8175E-03  0.2774E-02  0.0000E+00  0.0000E+00
  0.8182E-03  0.2776E-02  0.0000E+00  0.0000E+00
  0.8189E-03  0.2779E-02  0.0000E+00  0.0000E+00
  0.8196E-03  0.2781E-02  0.0000E+00  0.0000E+00
  0.8203E-03  0.2783E-02  0.0000E+00  0.0000E+00
  0.8211E-03  0.2786E-02  0.0000E+00  0.0000E+00
  0.8218E-03  0.2788E-02  0.0000E+00  0.0000E+00
  0.8225E-03  0.2791E-02  0.0000E+00  0.0000E+00
  0.8232E-03  0.2793E-02  0.0000E+00  0.0000E+00
  0.8240E-03  0.2795E-02  0.0000E+00  0.0000E+00
  0.8247E-03  0.2798E-02  0.0000E+00  0.0000E+00
  0.8254E-03  0.2800E-02  0.0000E+00  0.0000E+00
  0.8261E-03  0.2803E-02  0.0000E+00  0.0000E+00
  0.8268E-03  0.2805E-02  0.0000E+00  0.0000E+00
  0.8276E-03  0.2807E-02  0.0000E+00  0.0000E+00
  0.8283E-03  0.2810E-02  0.0000E+00  0.0000E+00
  0.8290E-03  0.2812E-02  0.0000E+00  0.0000E+00
  0.8297E-03  0.2815E-02  0.0000E+00  0.0000E+00
  0.8304E-03  0.2817E-02  0.0000E+00  0.0000E+00
  0.8312E-03  0.2820E-02  0.0000E+00  0.0000E+00
  0.8319E-03  0.2822E-02  0.0000E+00  0.0000E+00
  0.8326E-03  0.2824E-02  0.0000E+00  0.0000E+00
  0.8333E-03  0.2827E-02  0.0000E+00  0.0000E+00
  0.8341E-03  0.2829E-02  0.0000E+00  0.0000E+00
  0.8348E-03  0.2832E-02  0.0000E+00  0.0000E+00
  0.8355E-03  0.2834E-02  0.0000E+00  0.0000E+00
  0.8362E-03  0.2837E-02  0.0000E+00  0.0000E+00
  0.8369E-03  0.2839E-02  0.0000E+00  0.0000E+00
  0.8377E-03  0.2842E-02  0.0000E+00  0.0000E+00
  0.8384E-03  0.2844E-02  0.0000E+00  0.0000E+00
  0.8391E-03  0.2846E-02  0.0000E+00  0.0000E+00
  0.8398E-03  0.2849E-02  0.0000E+00  0.0000E+00
  0.8405E-03  0.2851E-02  0.0000E+00  0.0000E+00
  0.8413E-03  0.2854E-02  0.0000E+00  0.0000E+00
  0.8420E-03  0.2856E-02  0.0000E+00  0.0000E+00
  0.8427E-03  0.2859E-02  0.0000E+00  0.0000E+00
  0.8434E-03  0.2861E-02  0.0000E+00  0.0000E+00
  0.8442E-03  0.2863E-02  0.0000E+00  0.0000E+00
  0.8449E-03  0.2866E-02  0.0000E+00  0.0000E+00
  0.8456E-03  0.2868E-02  0.0000E+00  0.0000E+00
  0.8463E-03  0.2871E-02  0.0000E+00  0.0000E+00
  0.8470E-03  0.2873E-02  0.0000E+00  0.0000E+00
  0.8478E-03  0.2876E-02  0.0000E+00  0.0000E+00
  0.8485E-03  0.2878E-02  0.0000E+00  0.0000E+00
  0.8492E-03  0.2881E-02  0.0000E+00  0.0000E+00
  0.8499E-03  0.2883E-02  0.0000E+00  0.0000E+00
  0.8506E-03  0.2885E-02  0.0000E+00  0.0000E+00
  0.8514E-03  0.2888E-02  0.0000E+00  0.0000E+00
  0.8521E-03  0.2890E-02  0.0000E+00  0.0000E+00
  0.8528E-03  0.2893E-02  0.0000E+00  0.0000E+00
  0.8535E-03  0.2895E-02  0.0000E+00  0.0000E+00
  0.8543E-03  0.2898E-02  0.0000E+00  0.0000E+00
  0.8550E-03  0.2900E-02  0.0000E+00  0.0000E+00
  0.8557E-03  0.2902E-02  0.0000E+00  0.0000E+00
  0.8564E-03  0.2905E-02  0.0000E+00  0.0000E+00
  0.8571E-03  0.2907E-02  0.0000E+00  0.0000E+00
  0.8579E-03  0.2910E-02  0.0000E+00  0.0000E+00
  0.8586E-03  0.2912E-02  0.0000E+00  0.0000E+00
  0.8593E-03  0.2914E-02  0.0000E+00  0.0000E+00
  0.8600E-03  0.2917E-02  0.0000E+00  0.0000E+00
  0.8608E-03  0.2919E-02  0.0000E+00  0.0000E+00
  0.8615E-03  0.2922E-02  0.0000E+00  0.0000E+00
  0.8622E-03  0.2924E-02  0.0000E+00  0.0000E+00
  0.8629E-03  0.2926E-02  0.0000E+00  0.0000E+00
  0.8636E-03  0.2929E-02  0.0000E+00  0.0000E+00
  0.8644E-03  0.2931E-02  0.0000E+00  0.0000E+00
  0.8651E-03  0.2934E-02  0.0000E+00  0.0000E+00
  0.8658E-03  0.2936E-02  0.0000E+00  0.0000E+00
  0.8665E-03  0.2939E-02  0.0000E+00  0.0000E+00
  0.8672E-03  0.2941E-02  0.0000E+00  0.0000E+00
  0.8680E-03  0.2943E-02  0.0000E+00  0.0000E+00
  0.8687E-03  0.2946E-02  0.0000E+00  0.0000E+00
  0.8694E-03  0.2948E-02  0.0000E+00  0.0000E+00
  0.8701E-03  0.2951E-02  0.0000E+00  0.0000E+00
  0.8709E-03  0.2953E-02  0.0000E+00  0.0000E+00
  0.8716E-03  0.2955E-02  0.0000E+00  0.0000E+00
  0.8723E-03  0.2958E-02  0.0000E+00  0.0000E+00
  0.8730E-03  0.2960E-02  0.0000E+00  0.0000E+00
  0.8737E-03  0.2963E-02  0.0000E+00  0.0000E+00
  0.8745E-03  0.2965E-02  0.0000E+00  0.0000E+00
  0.8752E-03  0.2968E-02  0.0000E+00  0.0000E+00
  0.8759E-03  0.2970E-02  0.0000E+00  0.0000E+00
  0.8766E-03  0.2972E-02  0.0000E+00  0.0000E+00
  0.8773E-03  0.2975E-02  0.0000E+00  0.0000E+00
  0.8781E-03  0.2977E-02  0.0000E+00  0.0000E+00
  0.8788E-03  0.2980E-02  0.0000E+00  0.0000E+00
  0.8795E-03  0.2982E-02  0.0000E+00  0.0000E+00
  0.8802E-03  0.2985E-02  0.0000E+00  0.0000E+00
  0.8810E-03  0.2987E-02  0.0000E+00  0.0000E+00
  0.8817E-03  0.2989E-02  0.0000E+00  0.0000E+00
  0.8824E-03  0.2992E-02  0.0000E+00  0.0000E+00
  0.8831E-03  0.2994E-02  0.0000E+00  0.0000E+00
  0.8838E-03  0.2997E-02  0.0000E+00  0.0000E+00
  0.8846E-03  0.2999E-02  0.0000E+00  0.0000E+00
  0.8853E-03  0.3002E-02  0.0000E+00  0.0000E+00
  0.8860E-03  0.3004E-02  0.0000E+00  0.0000E+00
  0.8867E-03  0.3006E-02  0.0000E+00  0.0000E+00
  0.8874E-03  0.3009E-02  0.0000E+00  0.0000E+00
  0.8882E-03  0.3011E-02  0.0000E+00  0.0000E+00
  0.8889E-03  0.3014E-02  0.0000E+00  0.0000E+00
  0.8896E-03  0.3016E-02  0.0000E+00  0.0000E+00
  0.8903E-03  0.3019E-02  0.0000E+00  0.0000E+00
  0.8911E-03  0.3021E-02  0.0000E+00  0.0000E+00
  0.8918E-03  0.3023E-02  0.0000E+00  0.0000E+00
  0.8925E-03  0.3026E-02  0.0000E+00  0.0000E+00
  0.8932E-03  0.3028E-02  0.0000E+00  0.0000E+00
  0.8939E-03  0.3031E-02  0.0000E+00  0.0000E+00
  0.8947E-03  0.3033E-02  0.0000E+00  0.0000E+00
  0.8954E-03  0.3035E-02  0.0000E+00  0.0000E+00
  0.8961E-03  0.3038E-02  0.0000E+00  0.0000E+00
  0.8968E-03  0.3040E-02  0.0000E+00  0.0000E+00
  0.8975E-03  0.3043E-02  0.0000E+00  0.0000E+00
  0.8983E-03  0.3045E-02  0.0000E+00  0.0000E+00
  0.8990E-03  0.3047E-02  0.0000E+00  0.0000E+00
  0.8997E-03  0.3050E-02  0.0000E+00  0.0000E+00
  0.9004E-03  0.3052E-02  0.0000E+00  0.0000E+00
  0.9012E-03  0.3055E-02  0.0000E+00  0.0000E+00
  0.9019E-03  0.3057E-02  0.0000E+00  0.0000E+00
  0.9026E-03  0.3059E-02  0.0000E+00  0.0000E+00
  0.9033E-03  0.3062E-02  0.0000E+00  0.0000E+00
  0.9040E-03  0.3064E-02  0.0000E+00  0.0000E+00
  0.9048E-03  0.3066E-02  0.0000E+00  0.0000E+00
  0.9055E-03  0.3069E-02  0.0000E+00  0.0000E+00
  0.9062E-03  0.3071E-02  0.0000E+00  0.0000E+00
  0.9069E-03  0.3073E-02  0.0000E+00  0.0000E+00
  0.9076E-03  0.3076E-02  0.0000E+00  0.0000E+00
  0.9084E-03  0.3078E-02  0.0000E+00  0.0000E+00
  0.9091E-03  0.3080E-02  0.0000E+00  0.0000E+00
  0.9098E-03  0.3083E-02  0.0000E+00  0.0000E+00
  0.9105E-03  0.3085E-02  0.0000E+00  0.0000E+00
  0.9113E-03  0.3087E-02  0.0000E+00  0.0000E+00
  0.9120E-03  0.3090E-02  0.0000E+00  0.0000E+00
  0.9127E-03  0.3092E-02  0.0000E+00  0.0000E+00
  0.9134E-03  0.3094E-02  0.0000E+00  0.0000E+00
  0.9141E-03  0.3097E-02  0.0000E+00  0.0000E+00
  0.9149E-03  0.3099E-02  0.0000E+00  0.0000E+00
  0.9156E-03  0.3101E-02  0.0000E+00  0.0000E+00
  0.9163E-03  0.3104E-02  0.0000E+00  0.0000E+00
  0.9170E-03  0.3106E-02  0.0000E+00  0.0000E+00
  0.9177E-03  0.3108E-02  0.0000E+00  0.0000E+00
  0.9185E-03  0.3110E-02  0.0000E+00  0.0000E+00
  0.9192E-03  0.3113E-02  0.0000E+00  0.0000E+00
  0.9199E-03  0.3115E-02  0.0000E+00  0.0000E+00
  0.9206E-03  0.3117E-02  0.0000E+00  0.0000E+00
  0.9214E-03  0.3120E-02  0.0000E+00  0.0000E+00
  0.9221E-03  0.3122E-02  0.0000E+00  0.0000E+00
  0.9228E-03  0.3124E-02  0.0000E+00  0.0000E+00
  0.9235E-03  0.3126E-02  0.0000E+00  0.0000E+00
  0.9242E-03  0.3129E-02  0.0000E+00  0.0000E+00
  0.9250E-03  0.3131E-02  0.0000E+00  0.0000E+00
  0.9257E-03  0.3133E-02  0.0000E+00  0.0000E+00
  0.9264E-03  0.3136E-02  0.0000E+00  0.0000E+00
  0.9271E-03  0.3138E-02  0.0000E+00  0.0000E+00
  0.9278E-03  0.3140E-02  0.0000E+00  0.0000E+00
  0.9286E-03  0.3142E-02  0.0000E+00  0.0000E+00
  0.9293E-03  0.3145E-02  0.0000E+00  0.0000E+00
  0.9300E-03  0.3147E-02  0.0000E+00  0.0000E+00
  0.9307E-03  0.3149E-02  0.0000E+00  0.0000E+00
  0.9315E-03  0.3151E-02  0.0000E+00  0.0000E+00
  0.9322E-03  0.3154E-02  0.0000E+00  0.0000E+00
  0.9329E-03  0.3156E-02  0.0000E+00  0.0000E+00
  0.9336E-03  0.3158E-02  0.0000E+00  0.0000E+00
  0.9343E-03  0.3161E-02  0.0000E+00  0.0000E+00
  0.9351E-03  0.3163E-02  0.0000E+00  0.0000E+00
  0.9358E-03  0.3165E-02  0.0000E+00  0.0000E+00
  0.9365E-03  0.3167E-02  0.0000E+00  0.0000E+00
  0.9372E-03  0.3170E-02  0.0000E+00  0.0000E+00
  0.9380E-03  0.3172E-02  0.0000E+00  0.0000E+00
  0.9387E-03  0.3174E-02  0.0000E+00  0.0000E+00
  0.9394E-03  0.3177E-02  0.0000E+00  0.0000E+00
  0.9401E-03  0.3179E-02  0.0000E+00  0.0000E+00
  0.9408E-03  0.3181E-02  0.0000E+00  0.0000E+00
  0.9416E-03  0.3184E-02  0.0000E+00  0.0000E+00
  0.9423E-03  0.3186E-02  0.0000E+00  0.0000E+00
  0.9430E-03  0.3188E-02  0.0000E+00  0.0000E+00
  0.9437E-03  0.3191E-02  0.0000E+00  0.0000E+00
  0.9444E-03  0.3193E-02  0.0000E+00  0.0000E+00
  0.9452E-03  0.3195E-02  0.0000E+00  0.0000E+00
  0.9459E-03  0.3198E-02  0.0000E+00  0.0000E+00
  0.9466E-03  0.3200E-02  0.0000E+00  0.0000E+00
  0.9473E-03  0.3203E-02  0.0000E+00  0.0000E+00
  0.9481E-03  0.3205E-02  0.0000E+00  0.0000E+00
  0.9488E-03  0.3207E-02  0.0000E+00  0.0000E+00
  0.9495E-03  0.3210E-02  0.0000E+00  0.0000E+00
  0.9502E-03  0.3212E-02  0.0000E+00  0.0000E+00
  0.9509E-03  0.3215E-02  0.0000E+00  0.0000E+00
  0.9517E-03  0.3217E-02  0.0000E+00  0.0000E+00
  0.9524E-03  0.3220E-02  0.0000E+00  0.0000E+00
  0.9531E-03  0.3222E-02  0.0000E+00  0.0000E+00
  0.9538E-03  0.3225E-02  0.0000E+00  0.0000E+00
  0.9545E-03  0.3227E-02  0.0000E+00  0.0000E+00
  0.9553E-03  0.3230E-02  0.0000E+00  0.0000E+00
  0.9560E-03  0.3232E-02  0.0000E+00  0.0000E+00
  0.9567E-03  0.3235E-02  0.0000E+00  0.0000E+00
  0.9574E-03  0.3237E-02  0.0000E+00  0.0000E+00
  0.9582E-03  0.3240E-02  0.0000E+00  0.0000E+00
  0.9589E-03  0.3242E-02  0.0000E+00  0.0000E+00
  0.9596E-03  0.3245E-02  0.0000E+00  0.0000E+00
  0.9603E-03  0.3247E-02  0.0000E+00  0.0000E+00
  0.9610E-03  0.3250E-02  0.0000E+00  0.0000E+00
  0.9618E-03  0.3252E-02  0.0000E+00  0.0000E+00
  0.9625E-03  0.3255E-02  0.0000E+00  0.0000E+00
  0.9632E-03  0.3257E-02  0.0000E+00  0.0000E+00
  0.9639E-03  0.3260E-02  0.0000E+00  0.0000E+00
  0.9646E-03  0.3262E-02  0.0000E+00  0.0000E+00
  0.9654E-03  0.3265E-02  0.0000E+00  0.0000E+00
  0.9661E-03  0.3268E-02  0.0000E+00  0.0000E+00
  0.9668E-03  0.3270E-02  0.0000E+00  0.0000E+00
  0.9675E-03  0.3273E-02  0.0000E+00  0.0000E+00
  0.9683E-03  0.3275E-02  0.0000E+00  0.0000E+00
  0.9690E-03  0.3278E-02  0.0000E+00  0.0000E+00
  0.9697E-03  0.3280E-02  0.0000E+00  0.0000E+00
  0.9704E-03  0.3283E-02  0.0000E+00  0.0000E+00
  0.9711E-03  0.3286E-02  0.0000E+00  0.0000E+00
  0.9719E-03  0.3288E-02  0.0000E+00  0.0000E+00
  0.9726E-03  0.3291E-02  0.0000E+00  0.0000E+00
  0.9733E-03  0.3293E-02  0.0000E+00  0.0000E+00
  0.9740E-03  0.3296E-02  0.0000E+00  0.0000E+00
  0.9747E-03  0.3299E-02  0.0000E+00  0.0000E+00
  0.9755E-03  0.3301E-02  0.0000E+00  0.0000E+00
  0.9762E-03  0.3304E-02  0.0000E+00  0.0000E+00
  0.9769E-03  0.3306E-02  0.0000E+00  0.0000E+00
  0.9776E-03  0.3309E-02  0.0000E+00  0.0000E+00
  0.9784E-03  0.3311E-02  0.0000E+00  0.0000E+00
  0.9791E-03  0.3314E-02  0.0000E+00  0.0000E+00
  0.9798E-03  0.3317E-02  0.0000E+00  0.0000E+00
  0.9805E-03  0.3319E-02  0.0000E+00  0.0000E+00
  0.9812E-03  0.3322E-02  0.0000E+00  0.0000E+00
  0.9820E-03  0.3324E-02  0.0000E+00  0.0000E+00
  0.9827E-03  0.3327E-02  0.0000E+00  0.0000E+00
  0.9834E-03  0.3330E-02  0.0000E+00  0.0000E+00
  0.9841E-03  0.3332E-02  0.0000E+00  0.0000E+00
  0.9848E-03  0.3335E-02  0.0000E+00  0.0000E+00
  0.9856E-03  0.3337E-02  0.0000E+00  0.0000E+00
  0.9863E-03  0.3340E-02  0.0000E+00  0.0000E+00
  0.9870E-03  0.3342E-02  0.0000E+00  0.0000E+00
  0.9877E-03  0.3345E-02  0.0000E+00  0.0000E+00
  0.9885E-03  0.3348E-02  0.0000E+00  0.0000E+00
  0.9892E-03  0.3350E-02  0.0000E+00  0.0000E+00
  0.9899E-03  0.3353E-02  0.0000E+00  0.0000E+00
  0.9906E-03  0.3355E-02  0.0000E+00  0.0000E+00
  0.9913E-03  0.3358E-02  0.0000E+00  0.0000E+00
  0.9921E-03  0.3360E-02  0.0000E+00  0.0000E+00
  0.9928E-03  0.3363E-02  0.0000E+00  0.0000E+00
  0.9935E-03  0.3365E-02  0.0000E+00  0.0000E+00
  0.9942E-03  0.3368E-02  0.0000E+00  0.0000E+00
  0.9949E-03  0.3370E-02  0.0000E+00  0.0000E+00
  0.9957E-03  0.3373E-02  0.0000E+00  0.0000E+00
  0.9964E-03  0.3375E-02  0.0000E+00  0.0000E+00
  0.9971E-03  0.3378E-02  0.0000E+00  0.0000E+00
  0.9978E-03  0.3380E-02  0.0000E+00  0.0000E+00
  0.9986E-03  0.3383E-02  0.0000E+00  0.0000E+00
  0.9993E-03  0.3385E-02  0.0000E+00  0.0000E+00
  0.1000E-02  0.3388E-02  0.0000E+00  0.0000E+00
  0.1001E-02  0.3390E-02  0.0000E+00  0.0000E+00
  0.1001E-02  0.3393E-02  0.0000E+00  0.0000E+00
  0.1002E-02  0.3395E-02  0.0000E+00  0.0000E+00
  0.1003E-02  0.3397E-02  0.0000E+00  0.0000E+00
  0.1004E-02  0.3400E-02  0.0000E+00  0.0000E+00
  0.1004E-02  0.3402E-02  0.0000E+00  0.0000E+00
  0.1005E-02  0.3405E-02  0.0000E+00  0.0000E+00
  0.1006E-02  0.3407E-02  0.0000E+00  0.0000E+00
  0.1006E-02  0.3409E-02  0.0000E+00  0.0000E+00
  0.1007E-02  0.3412E-02  0.0000E+00  0.0000E+00
  0.1008E-02  0.3414E-02  0.0000E+00  0.0000E+00
  0.1009E-02  0.3416E-02  0.0000E+00  0.0000E+00
  0.1009E-02  0.3419E-02  0.0000E+00  0.0000E+00
  0.1010E-02  0.3421E-02  0.0000E+00  0.0000E+00
  0.1011E-02  0.3424E-02  0.0000E+00  0.0000E+00
  0.1012E-02  0.3426E-02  0.0000E+00  0.0000E+00
  0.1012E-02  0.3428E-02  0.0000E+00  0.0000E+00
  0.1013E-02  0.3430E-02  0.0000E+00  0.0000E+00
  0.1014E-02  0.3433E-02  0.0000E+00  0.0000E+00
  0.1014E-02  0.3435E-02  0.0000E+00  0.0000E+00
  0.1015E-02  0.3437E-02  0.0000E+00  0.0000E+00
  0.1016E-02  0.3440E-02  0.0000E+00  0.0000E+00
  0.1017E-02  0.3442E-02  0.0000E+00  0.0000E+00
  0.1017E-02  0.3444E-02  0.0000E+00  0.0000E+00
  0.1018E-02  0.3447E-02  0.0000E+00  0.0000E+00
  0.1019E-02  0.3449E-02  0.0000E+00  0.0000E+00
  0.1019E-02  0.3451E-02  0.0000E+00  0.0000E+00
  0.1020E-02  0.3453E-02  0.0000E+00  0.0000E+00
  0.1021E-02  0.3456E-02  0.0000E+00  0.0000E+00
  0.1022E-02  0.3458E-02  0.0000E+00  0.0000E+00
  0.1022E-02  0.3460E-02  0.0000E+00  0.0000E+00
  0.1023E-02  0.3462E-02  0.0000E+00  0.0000E+00
  0.1024E-02  0.3465E-02  0.0000E+00  0.0000E+00
  0.1025E-02  0.3467E-02  0.0000E+00  0.0000E+00
  0.1025E-02  0.3469E-02  0.0000E+00  0.0000E+00
  0.1026E-02  0.3471E-02  0.0000E+00  0.0000E+00
